9.420345692
9.424497705
9.429490585
9.435494623
9.4427146
9.451396768
9.461837251
9.474392142
9.489489653
9.507644714
9.529476542
9.555729755
9.587299775
9.625263361
9.670915341
9.725812768
9.791828033
9.871212722
9.966674413
10.08146903
10.21951187
10.38551117
10.58512868
10.82517277
11.11383064
11.46094756
11.87836266
12.38031275
12.98391788
13.70976523
14.58261132
15.63222638
16.89440969
18.41221061
20.23739686
22.4322202
25.07153958
28.24537445
32.06197497
36.65151418
42.17052777
48.80725307
56.78804928
66.3851179
77.92578674
91.8036741
108.4921139
128.5602998
152.6926987
181.7123957