2500.3
2500.25
2499.78
2497.88
2493.26
2484.65
2471.05
2451.82
2426.6
2395.34
2358.19
2315.48
2267.64
2215.19
2158.65
2098.59
2035.53
1969.99
1902.44
1833.31
1762.96
1691.76
1620.01
1548.02
1476.61
1407.14
1341.04
1279.5
1223.44
1173.42
1129.72
1092.29
1060.86
1035.01
1014.3
998.215
986.182
977.591
971.883
968.544
967.123
967.214
968.436
970.441
972.958
975.808
978.828
981.837
984.706
987.39
989.88
992.143
994.125
995.803
997.197
998.356
999.316
1000.06
1000.6
1000.98
1001.24
1001.4
1001.47
1001.44
1001.34
1001.25
1001.14
1001.01
1000.86
1000.71
1000.57
1000.47
1000.37
1000.27
1000.19
1000.13
1000.08
1000.05
1000.03
1000.02
1000.01
999.991
999.974
999.978
999.995
999.995
999.954
999.914
999.922
999.956
999.962
999.948
999.949
999.964
999.967
999.961
999.977
1000.01
1000.04
1000.03
1000.02
1000.05
1000.08
1000.07
1000.07
1000.07
1000.09
1000.11
1000.11
1000.12
1000.13
1000.14
1000.14
1000.12
1000.11
1000.12
1000.12
1000.11
1000.1
1000.1
1000.1
1000.08
1000.06
1000.05
1000.05
1000.05
1000.04
1000.03
1000.03
1000.02
1000
999.989
999.977
999.967
999.935
999.878
999.816
999.783
999.766
999.732
999.682
999.654
999.662
999.685
999.692
999.664
999.638
999.661
999.715
999.759
999.802
999.873
999.979
1000.1
1000.19
1000.25
1000.32
1000.38
1000.43
1000.47
1000.5
1000.52
1000.54
1000.53
1000.5
1000.5
1000.49
1000.47
1000.45
1000.41
1000.37
1000.35
1000.34
1000.32
1000.29
1000.26
1000.23
1000.23
1000.22
1000.22
1000.21
1000.2
1000.2
1000.19
1000.19
1000.19
1000.18
1000.19
1000.19
1000.2
1000.19
1000.17
1000.17
1000.17
1000.18
1000.18
1000.16
1000.16
1000.17
1000.17
1000.16
1000.13
1000.12
1000.13
1000.13
1000.12
1000.11
1000.1
1000.09
1000.09
1000.08
1000.08
1000.07
1000.07
1000.07
1000.07
1000.07
1000.07
1000.06
1000.06
1000.06
1000.06
1000.06
1000.06
1000.06
1000.06
1000.07
1000.08
1000.1
1000.12
1000.13
1000.14
1000.16
1000.16
1000.17
1000.17
1000.16
1000.13
1000.13
1000.13
1000.12
1000.11
1000.12
1000.13
1000.12
1000.12
1000.13
1000.12
1000.12
1000.13
1000.13
1000.12
1000.13
1000.14
1000.12
1000.12
1000.13
1000.12
1000.12
1000.13
1000.14
1000.14
1000.17
1000.16
1000.13
1000.12
1000.12
1000.12
1000.12
1000.11
1000.11
1000.11
1000.1
1000.1
1000.1
1000.1
1000.11
1000.11
1000.11
1000.11
1000.12
1000.12
1000.12
1000.12
1000.12
1000.12
1000.13
1000.12
1000.1
1000.1
1000.11
1000.1
1000.12
1000.11
1000.11
1000.11
1000.1
1000.12
1000.1
1000.1
1000.11
1000.11
1000.14
1000.12
1000.14
1000.13
1000.13
1000.13
1000.1
1000.11
1000.12
1000.13
1000.13
1000.14
1000.14
1000.13
1000.12
1000.12
1000.12
1000.12
1000.12
1000.13
1000.14
1000.13
1000.13
1000.13
1000.12
1000.11
1000.11
1000.12
1000.14
1000.13
1000.14
1000.13
1000.13
1000.13
1000.13
1000.14
1000.14
1000.14
1000.11
1000.1
1000.08
1000.09
1000.11
1000.11
1000.11
1000.11
1000.11
1000.12
1000.12
1000.12
1000.12
1000.12
1000.12
1000.12
1000.13
1000.1
1000.11
1000.1
1000.1
1000.12
1000.11
1000.11
1000.13
1000.13
1000.13
1000.12
1000.11
1000.12
1000.1
1000.12
1000.13
1000.12
1000.11
1000.11
1000.11
1000.12
1000.13
1000.13
1000.13
1000.13
1000.11
1000.11
1000.11
1000.11
1000.13
1000.14
1000.13
1000.14
1000.14
1000.12
1000.11
1000.09
1000.11
1000.12
1000.11
1000.12
1000.12
1000.12
1000.12
1000.12
1000.13
1000.14
1000.13
1000.11
1000.11
1000.1
1000.11
1000.13
1000.13
1000.13
1000.13
1000.11
1000.12
1000.13
1000.12
1000.12
1000.13
1000.14
1000.14
1000.13
1000.13
1000.11
1000.11
1000.13
1000.14
1000.14
1000.15
1000.11
1000.09
1000.09
1000.12
1000.12
1000.12
1000.12
1000.12
1000.12
1000.11
1000.11
1000.11
1000.11
1000.1
1000.12
1000.13
1000.13
1000.13
1000.12
1000.13
1000.12
1000.13
1000.13
1000.13
1000.11
1000.11
1000.12
1000.13
1000.14
1000.14
1000.12
1000.1
1000.1
1000.12
1000.12
1000.12
1000.12
1000.13
1000.13
1000.13
1000.11
1000.11
1000.14
1000.13
1000.13
1000.12
1000.13
1000.11
1000.12
1000.13
1000.12
1000.12
1000.11
1000.13
1000.14
1000.13
1000.1
1000.1
1000.12
1000.12
1000.13
1000.13
1000.12
1000.12
1000.1
1000.11
1000.12
1000.12
1000.12
1000.12
1000.11
1000.12
1000.12
1000.11
1000.11
1000.13
1000.14
1000.12
1000.11
1000.11
1000.12
1000.13
1000.12
1000.12
1000.12
1000.11
1000.13
1000.13
1000.12
1000.12
1000.12
1000.13
1000.11
1000.12
1000.12
1000.13
1000.12
1000.12
1000.11
1000.12
1000.12
1000.1
1000.11
1000.11
1000.13
1000.13
1000.11
1000.11
1000.13
1000.12
1000.12
1000.12
1000.15
1000.1
1000.11
1000.11
1000.13
1000.12
1000.12
1000.11
1000.12
1000.12
1000.11
1000.12
1000.13
1000.13
1000.14
1000.14
1000.11
1000.1
1000.12
1000.12
1000.13
1000.11
1000.12
1000.12
1000.12
1000.13
1000.13
1000.11
1000.12
1000.14
1000.11
1000.12
1000.12
1000.12
1000.12
1000.11
1000.13
1000.11
1000.12
1000.14
1000.13
1000.13
1000.12
1000.1
1000.12
1000.13
1000.12
1000.12
1000.13
1000.11
1000.12
1000.13
1000.13
1000.14
1000.1
1000.1
1000.13
1000.12
1000.11
1000.13
1000.11
1000.12
1000.13
1000.13
1000.13
1000.11
1000.11
1000.13
1000.12
1000.12
1000.13
1000.11
1000.13
1000.13
1000.13
1000.11
1000.12
1000.12
1000.12
1000.13
1000.11
1000.13
1000.12
1000.13
1000.11
1000.11
1000.12
1000.11
1000.13
1000.12
1000.13
1000.12
1000.14
1000.11
1000.11
1000.13
1000.11
1000.12
1000.12
1000.13
1000.13
1000.11
1000.1
1000.12
1000.11
1000.12
1000.11
1000.13
1000.13
1000.12
1000.12
1000.12
1000.12
1000.12
1000.12
1000.12
1000.14
1000.1
1000.12
1000.11
1000.13
1000.11
1000.13
1000.13
1000.1
1000.12
1000.11
1000.12
1000.12
1000.12
1000.13
1000.1
1000.13
1000.11
1000.12
1000.12
1000.12
1000.11
1000.12
1000.11
1000.12
1000.12
1000.13
1000.12
1000.11
1000.12
1000.12
1000.11
1000.13
1000.13
1000.11
1000.12
1000.12
1000.12
1000.13
1000.12
1000.12
1000.12
1000.13
1000.12
1000.13
1000.11
1000.12
1000.12
1000.11
1000.13
1000.12
1000.13
1000.11
1000.12
1000.13
1000.12
1000.11
1000.12
1000.12
1000.12
1000.12
1000.11
1000.11
1000.12
1000.12
1000.12
1000.13
1000.12
1000.12
1000.13
1000.12
1000.12
1000.13
1000.12
1000.12
1000.11
1000.12
1000.12
1000.13
1000.11
1000.12
1000.13
1000.12
1000.12
1000.12
1000.12
1000.12
1000.13
1000.11
1000.12
1000.12
1000.12
1000.12
1000.12
1000.12
1000.12
1000.12
1000.12
1000.12
1000.12
1000.12
1000.12
1000.13
1000.12
1000.12
1000.12
1000.13
1000.12
1000.12
1000.12
1000.12
1000.12
1000.12
1000.13
1000.11
1000.12
1000.12
1000.12
1000.11
1000.12
1000.13
1000.12
1000.12
1000.13
1000.12
1000.12
1000.12
1000.12
1000.12
1000.12
1000.12
1000.12
1000.12
1000.12
1000.12
1000.12
1000.12
1000.12
1000.13
1000.12
1000.12
1000.12
1000.12
1000.12
1000.12
1000.12
1000.12
1000.13
1000.11
1000.12
1000.12
1000.12
1000.12
1000.12
1000.12
1000.12
1000.12
1000.12
1000.12
1000.12
1000.12
1000.12
1000.11
1000.12
1000.12
1000.12
1000.12
1000.12
1000.12
1000.12
1000.12
1000.11
1000.13
1000.12
1000.12
1000.12
1000.12
1000.12
1000.12
1000.12
1000.11
1000.12
1000.12
1000.12
1000.12
1000.12
1000.12
1000.12
1000.12
1000.12
1000.12
1000.12
1000.12
1000.12
1000.13
1000.12
1000.13
1000.12
1000.12
1000.12
1000.12
1000.12
1000.12
1000.12
1000.12
1000.12
1000.12
1000.12
1000.12
1000.12
1000.12
1000.13
1000.12
1000.12
1000.12
1000.12
1000.12
1000.12
1000.12
1000.12
1000.12
1000.12
1000.12
1000.12
1000.12
1000.12
1000.12
1000.12
1000.12
1000.12
1000.12
1000.12
1000.12
1000.12
1000.12
1000.12
1000.12
1000.12
1000.12
1000.12
1000.12
1000.12
1000.12
1000.12
1000.12
1000.13
1000.12
1000.12
1000.12
1000.12
1000.12
1000.13
1000.12
1000.12
1000.12
1000.12
1000.12
1000.12
1000.12
1000.12
1000.12
1000.12
1000.12
1000.12
1000.12
1000.12
1000.12
1000.12
1000.12
1000.12
1000.12
1000.12
1000.12
1000.12
1000.12
1000.12
1000.12
1000.12
1000.12
1000.12
1000.12
1000.12
1000.12
1000.12
1000.12
1000.12
1000.12
1000.12
1000.12
1000.12
1000.12
1000.12
1000.12
1000.12
1000.12
1000.12
1000.12
1000.12
1000.12
1000.12
1000.12
1000.12
1000.12
1000.12
1000.12
1000.12
1000.12
1000.12
1000.12
1000.12
1000.12
1000.12
1000.12
1000.12
1000.12
1000.12
1000.12
1000.12
1000.12
1000.12
1000.12
1000.12
1000.12
1000.12
1000.12
1000.12
1000.12
1000.12
1000.12
1000.12
1000.12
1000.12
1000.12
1000.12
1000.12
1000.12
1000.12
1000.12
1000.12
1000.12
1000.12
1000.12
1000.12
1000.12
1000.12
1000.12
1000.12
1000.12
1000.12
1000.12
1000.12
1000.12
1000.12
1000.12
1000.12
1000.12
1000.12
1000.12
1000.12
1000.12
1000.12
1000.12
1000.12
1000.12
1000.12
1000.12
1000.12
1000.12
1000.12
1000.12
1000.12
1000.12
1000.12
1000.12
1000.12
1000.12
1000.12
1000.12
1000.12
1000.12
1000.12
1000.12
1000.12
1000.12
1000.12
1000.12
1000.12
1000.12
1000.12
1000.12
1000.12
1000.12
1000.12
1000.12
1000.12
1000.12
1000.12
1000.12
1000.12
1000.12
1000.12
1000.12
1000.12
1000.12
1000.12
1000.12
1000.12
1000.12
1000.12
1000.12
1000.12
1000.12
1000.12
1000.12
1000.12
1000.12
1000.12
1000.12
1000.12
1000.12
1000.12
1000.12
1000.12
1000.12
1000.12
1000.12
1000.12
1000.12
1000.12
1000.12
1000.12
1000.12
1000.12
1000.12
1000.12
1000.12
1000.12
1000.12
1000.12
1000.12
1000.12
1000.12
1000.12
1000.12
1000.12
1000.12
1000.12
1000.12
1000.12
1000.12
1000.12
1000.12
1000.12
1000.12
1000.12
1000.12
1000.12
1000.12
1000.12
1000.12
1000.12
1000.12
1000.12
1000.12
1000.12
1000.12
1000.12
1000.12
1000.12
1000.12
1000.12
1000.12
1000.12
1000.12
1000.12
1000.12
1000.12
1000.12
1000.12
1000.12
1000.12
1000.12
1000.12
1000.12
1000.12
1000.12
1000.12
1000.12
1000.12
1000.12
1000.12
1000.12
1000.12
1000.12
1000.12
1000.12
1000.12
1000.12
1000.12
1000.12
1000.12
1000.12
1000.12
1000.12
1000.12
1000.12
1000.12
1000.12
1000.12
1000.12
1000.12
1000.12
1000.12
1000.12
1000.12
1000.12
1000.12
1000.12
1000.12
1000.12
1000.12
1000.12
1000.12
1000.12
1000.12
1000.12
1000.12
1000.12
1000.12
1000.12
1000.12
1000.12
1000.12
1000.12
1000.12
1000.12
1000.12
1000.12
1000.12
1000.12
1000.12
1000.12
1000.12
1000.12
1000.12
1000.12
1000.12
1000.12
1000.12
1000.12
1000.12
1000.12
1000.12
1000.12
1000.12
1000.12
1000.12
1000.12
1000.12
1000.12
1000.12
1000.12
1000.12
1000.12
1000.12
1000.12
1000.12
1000.12
1000.12
1000.12
1000.12
1000.12
1000.12
1000.12
1000.12
1000.12
1000.12
1000.12
1000.12
1000.12
1000.12
1000.12
1000.12
1000.12
1000.12
1000.12
1000.12
1000.12
1000.12
1000.12
1000.12
1000.12
1000.12
1000.12
1000.12
1000.12
1000.12
1000.12
1000.12
1000.12
1000.12
1000.12
1000.12
1000.12
1000.12
1000.12
1000.12
1000.12
1000.12
1000.12
1000.12
1000.12
1000.12
1000.12
1000.12
1000.12
1000.12
1000.12
1000.12
1000.12
1000.12
1000.12
1000.12
1000.12
1000.12
1000.12
1000.12
1000.12
1000.12
1000.12
1000.12
1000.12
1000.12
1000.12
1000.12
1000.12
1000.12
1000.12
1000.12
1000.12
1000.12
1000.12
1000.12
1000.12
1000.12
1000.12
1000.12
1000.12
1000.12
1000.12
1000.12
1000.12
1000.12
1000.12
1000.12
1000.12
1000.12
1000.12
1000.12
1000.12
1000.12
1000.12
1000.12
1000.12
1000.12
1000.12
1000.12
1000.12
1000.12
1000.12
1000.12
1000.12
1000.12
1000.12
1000.12
1000.12
1000.12
1000.12
1000.12
1000.12
1000.12
1000.12
1000.12
1000.12
1000.12
1000.12
1000.12
1000.12
1000.12
1000.12
1000.12
1000.12
1000.12
1000.12
1000.12
1000.12
1000.12
1000.12
1000.12
1000.12
1000.12
1000.12
1000.12
1000.12
1000.12
1000.12
1000.12
1000.12
1000.12
1000.12
1000.12
1000.12
1000.12
1000.12
1000.12
1000.12
1000.12
1000.12
1000.12
1000.12
1000.12
1000.12
1000.12
1000.12
1000.12
1000.12
1000.12
1000.12
1000.12
1000.12
1000.12
1000.12
1000.12
1000.12
1000.12
1000.12
1000.12
1000.12
1000.12
1000.12
1000.12
1000.12
1000.12
1000.12
1000.12
1000.12
1000.12
1000.12
1000.12
1000.12
1000.12
1000.12