2500.3
2500.26
2499.8
2497.9
2493.25
2484.61
2470.98
2451.68
2426.37
2395.03
2357.81
2315.03
2267.09
2214.53
2157.9
2097.76
2034.61
1968.97
1901.34
1832.15
1761.77
1690.52
1618.69
1546.5
1474.16
1401.82
1329.62
1257.64
1185.96
1114.6
1043.65
973.553
905.35
840.338
779.725
724.424
674.984
631.635
594.372
563.006
537.185
516.428
500.191
487.932
479.119
473.207
469.675
468.057
467.95
468.994
470.861
473.272
476.011
478.926
481.873
484.697
487.326
489.762
491.986
493.942
495.601
496.982
498.131
499.06
499.765
500.286
500.672
500.953
501.129
501.202
501.216
501.208
501.174
501.092
500.983
500.879
500.763
500.644
500.537
500.437
500.341
500.265
500.201
500.132
500.069
500.024
500.005
499.987
499.948
499.922
499.925
499.925
499.909
499.908
499.917
499.927
499.936
499.923
499.897
499.9
499.921
499.935
499.937
499.933
499.94
499.967
499.982
499.976
499.971
499.974
499.987
499.992
499.988
499.987
500.001
500.016
500.015
500.001
499.995
500
499.998
499.977
499.948
499.924
499.905
499.882
499.855
499.836
499.84
499.852
499.849
499.837
499.835
499.861
499.905
499.928
499.922
499.914
499.942
499.991
500.014
500.002
499.996
500.021
500.052
500.052
500.033
500.033
500.058
500.081
500.087
500.085
500.094
500.113
500.128
500.133
500.136
500.149
500.163
500.171
500.173
500.175
500.186
500.211
500.237
500.258
500.272
500.282
500.289
500.294
500.289
500.275
500.258
500.234
500.207
500.186
500.164
500.142
500.114
500.085
500.073
500.064
500.052
500.043
500.035
500.038
500.045
500.048
500.048
500.044
500.046
500.052
500.053
500.052
500.043
500.039
500.046
500.053
500.058
500.05
500.043
500.047
500.052
500.038
500.021
500.023
500.027
500.018
500.022
500.037
500.036
500.03
500.033
500.036
500.026
500.018
500.016
500.018
499.991
499.956
499.971
499.969
499.944
499.942
499.934
499.919
499.903
499.892
499.883
499.864
499.855
499.843
499.836
499.843
499.858
499.896
499.968
500.048
500.117
500.17
500.217
500.257
500.275
500.277
500.284
500.278
500.254
500.232
500.215
500.189
500.163
500.149
500.131
500.108
500.102
500.099
500.087
500.084
500.085
500.075
500.066
500.066
500.057
500.044
500.049
500.046
500.038
500.039
500.041
500.043
500.045
500.045
500.044
500.045
500.048
500.052
500.055
500.059
500.061
500.064
500.066
500.066
500.065
500.064
500.063
500.063
500.062
500.064
500.07
500.067
500.051
500.054
500.06
500.058
500.067
500.066
500.066
500.064
500.05
500.053
500.046
500.049
500.048
500.048
500.057
500.051
500.061
500.065
500.075
500.08
500.068
500.068
500.063
500.056
500.053
500.051
500.051
500.053
500.055
500.057
500.06
500.058
500.057
500.056
500.055
500.059
500.067
500.073
500.059
500.061
500.052
500.059
500.051
500.067
500.072
500.071
500.059
500.058
500.051
500.05
500.056
500.059
500.067
500.059
500.059
500.065
500.063
500.059
500.057
500.053
500.052
500.055
500.053
500.055
500.059
500.06
500.063
500.071
500.054
500.051
500.047
500.065
500.075
500.068
500.065
500.058
500.049
500.053
500.05
500.043
500.051
500.048
500.062
500.064
500.06
500.054
500.053
500.064
500.069
500.066
500.062
500.063
500.068
500.057
500.059
500.062
500.061
500.06
500.061
500.053
500.049
500.057
500.068
500.077
500.068
500.076
500.075
500.069
500.065
500.066
500.065
500.048
500.043
500.051
500.065
500.065
500.065
500.057
500.056
500.057
500.059
500.062
500.062
500.058
500.053
500.062
500.065
500.059
500.056
500.055
500.055
500.056
500.058
500.053
500.051
500.058
500.069
500.054
500.048
500.054
500.056
500.065
500.063
500.058
500.058
500.057
500.051
500.055
500.053
500.061
500.053
500.067
500.072
500.063
500.054
500.056
500.053
500.051
500.055
500.055
500.049
500.059
500.063
500.065
500.071
500.065
500.065
500.059
500.054
500.058
500.072
500.078
500.071
500.071
500.067
500.061
500.049
500.052
500.076
500.062
500.055
500.055
500.061
500.066
500.059
500.054
500.063
500.063
500.062
500.058
500.055
500.055
500.062
500.06
500.053
500.056
500.059
500.05
500.056
500.06
500.065
500.07
500.061
500.061
500.07
500.065
500.057
500.051
500.057
500.054
500.053
500.064
500.068
500.065
500.058
500.059
500.061
500.073
500.069
500.072
500.063
500.049
500.058
500.074
500.047
500.056
500.067
500.058
500.058
500.059
500.057
500.06
500.059
500.056
500.058
500.054
500.062
500.058
500.067
500.058
500.065
500.063
500.071
500.061
500.054
500.058
500.054
500.055
500.063
500.062
500.061
500.053
500.064
500.073
500.066
500.058
500.05
500.075
500.051
500.056
500.064
500.054
500.059
500.062
500.06
500.064
500.057
500.058
500.062
500.06
500.062
500.063
500.06
500.065
500.05
500.054
500.057
500.063
500.063
500.058
500.052
500.071
500.069
500.065
500.049
500.075
500.051
500.065
500.062
500.059
500.053
500.054
500.059
500.052
500.058
500.055
500.059
500.053
500.068
500.055
500.054
500.053
500.063
500.061
500.052
500.063
500.072
500.064
500.067
500.058
500.057
500.063
500.057
500.06
500.06
500.057
500.055
500.057
500.066
500.06
500.067
500.052
500.052
500.065
500.068
500.053
500.071
500.063
500.055
500.067
500.06
500.059
500.063
500.057
500.058
500.059
500.058
500.058
500.065
500.061
500.053
500.053
500.063
500.061
500.065
500.063
500.062
500.06
500.058
500.059
500.059
500.058
500.053
500.057
500.06
500.063
500.059
500.054
500.06
500.059
500.059
500.066
500.06
500.058
500.061
500.058
500.056
500.06
500.06
500.059
500.064
500.06
500.054
500.062
500.06
500.065
500.064
500.064
500.055
500.054
500.059
500.06
500.059
500.06
500.063
500.058
500.054
500.064
500.061
500.065
500.064
500.054
500.057
500.057
500.058
500.061
500.06
500.062
500.05
500.062
500.06
500.07
500.065
500.056
500.057
500.058
500.059
500.057
500.065
500.052
500.056
500.062
500.07
500.06
500.058
500.057
500.056
500.061
500.057
500.063
500.056
500.06
500.062
500.064
500.056
500.059
500.059
500.059
500.061
500.064
500.055
500.057
500.065
500.062
500.06
500.058
500.058
500.059
500.058
500.06
500.059
500.059
500.066
500.058
500.058
500.06
500.056
500.059
500.059
500.058
500.062
500.064
500.058
500.059
500.058
500.06
500.064
500.055
500.06
500.063
500.062
500.06
500.058
500.059
500.061
500.055
500.062
500.063
500.055
500.057
500.06
500.062
500.056
500.06
500.064
500.06
500.058
500.059
500.062
500.059
500.061
500.064
500.058
500.058
500.058
500.061
500.056
500.061
500.064
500.057
500.058
500.061
500.06
500.059
500.064
500.061
500.061
500.059
500.061
500.058
500.065
500.06
500.061
500.058
500.061
500.055
500.064
500.06
500.06
500.06
500.059
500.06
500.062
500.06
500.06
500.06
500.06
500.062
500.058
500.057
500.06
500.06
500.059
500.066
500.06
500.06
500.062
500.059
500.061
500.06
500.058
500.06
500.056
500.062
500.057
500.059
500.059
500.058
500.063
500.059
500.058
500.057
500.062
500.059
500.059
500.063
500.057
500.065
500.06
500.06
500.058
500.063
500.059
500.059
500.059
500.061
500.06
500.059
500.06
500.058
500.062
500.059
500.062
500.057
500.063
500.059
500.06
500.058
500.063
500.06
500.06
500.061
500.059
500.058
500.058
500.062
500.058
500.058
500.06
500.061
500.058
500.06
500.063
500.059
500.061
500.06
500.061
500.059
500.059
500.063
500.06
500.06
500.059
500.06
500.06
500.059
500.062
500.059
500.057
500.063
500.06
500.058
500.062
500.058
500.059
500.061
500.059
500.059
500.062
500.058
500.059
500.063
500.058
500.058
500.064
500.061
500.059
500.06
500.06
500.061
500.061
500.061
500.062
500.058
500.06
500.062
500.059
500.058
500.06
500.059
500.061
500.061
500.06
500.059
500.059
500.062
500.059
500.061
500.06
500.059
500.061
500.058
500.062
500.059
500.06
500.059
500.059
500.059
500.06
500.061
500.059
500.062
500.059
500.062
500.06
500.06
500.061
500.059
500.06
500.059
500.061
500.06
500.061
500.057
500.062
500.059
500.061
500.058
500.062
500.058
500.061
500.059
500.061
500.059
500.061
500.059
500.06
500.06
500.062
500.06
500.06
500.061
500.059
500.061
500.061
500.06
500.059
500.063
500.059
500.06
500.06
500.059
500.06
500.06
500.06
500.061
500.059
500.06
500.06
500.059
500.062
500.058
500.06
500.061
500.058
500.06
500.06
500.059
500.061
500.061
500.06
500.059
500.06
500.06
500.06
500.061
500.059
500.061
500.06
500.059
500.061
500.061
500.059
500.06
500.061
500.06
500.059
500.06
500.059
500.062
500.059
500.061
500.06
500.06
500.06
500.059
500.06
500.06
500.06
500.061
500.06
500.061
500.061
500.06
500.061
500.059
500.059
500.06
500.06
500.061
500.06
500.059
500.06
500.06
500.06
500.061
500.059
500.06
500.06
500.06
500.06
500.06
500.061
500.06
500.06
500.06
500.06
500.06
500.06
500.06
500.06
500.06
500.06
500.061
500.06
500.06
500.06
500.06
500.061
500.06
500.059
500.06
500.06
500.06
500.06
500.061
500.06
500.059
500.061
500.061
500.059
500.06
500.06
500.06
500.059
500.061
500.061
500.06
500.061
500.06
500.06
500.06
500.06
500.059
500.06
500.061
500.059
500.06
500.06
500.06
500.06
500.061
500.061
500.059
500.059
500.06
500.059
500.06
500.061
500.059
500.06
500.061
500.06
500.06
500.061
500.06
500.06
500.061
500.06
500.06
500.06
500.06
500.06
500.06
500.06
500.06
500.059
500.06
500.06
500.061
500.059
500.06
500.06
500.06
500.061
500.059
500.061
500.06
500.059
500.06
500.06
500.058
500.059
500.061
500.06
500.06
500.061
500.06
500.06
500.06
500.06
500.06
500.06
500.06
500.06
500.059
500.059
500.061
500.059
500.06
500.06
500.06
500.06
500.06
500.06
500.06
500.06
500.06
500.06
500.06
500.06
500.06
500.06
500.061
500.06
500.061
500.061
500.06
500.06
500.06
500.06
500.06
500.06
500.06
500.06
500.06
500.059
500.059
500.06
500.061
500.059
500.06
500.06
500.06
500.06
500.059
500.06
500.06
500.061
500.06
500.06
500.06
500.061
500.06
500.06
500.06
500.059
500.06
500.06
500.06
500.06
500.06
500.06
500.06
500.06
500.06
500.06
500.06
500.06
500.059
500.06
500.06
500.06
500.06
500.06
500.06
500.06
500.059
500.06
500.06
500.06
500.06
500.06
500.06
500.06
500.06
500.06
500.06
500.06
500.059
500.06
500.059
500.06
500.06
500.06
500.06
500.06
500.06
500.06
500.06
500.06
500.06
500.06
500.061
500.06
500.06
500.06
500.06
500.06
500.06
500.06
500.06
500.06
500.06
500.06
500.06
500.06
500.06
500.06
500.06
500.06
500.06
500.06
500.06
500.06
500.06
500.06
500.06
500.06
500.06
500.06
500.06
500.06
500.06
500.06
500.059
500.059
500.06
500.06
500.06
500.06
500.06
500.06
500.06
500.06
500.059
500.06
500.06
500.06
500.06
500.06
500.06
500.06
500.06
500.06
500.06
500.06
500.06
500.06
500.06
500.06
500.06
500.06
500.06
500.06
500.06
500.06
500.06
500.06
500.06
500.06
500.06
500.06
500.06
500.06
500.06
500.06
500.06
500.06
500.06
500.06
500.06
500.06
500.06
500.059
500.06
500.06
500.06
500.06
500.06
500.06
500.06
500.06
500.06
500.06
500.06
500.06
500.06
500.06
500.06
500.06
500.06
500.06
500.06
500.06
500.06
500.06
500.06
500.06
500.06
500.06
500.06
500.06
500.06
500.06
500.06
500.06
500.06
500.06
500.06
500.06
500.06
500.06
500.06
500.06
500.06
500.06
500.06
500.06
500.06
500.06
500.06
500.06
500.06
500.06
500.06
500.06
500.06
500.06
500.06
500.06
500.06
500.06
500.06
500.06
500.06
500.06
500.06
500.06
500.06
500.06
500.06
500.06
500.06
500.06
500.06
500.06
500.06
500.06