2500.26
2500.22
2499.76
2497.87
2493.24
2484.6
2470.96
2451.68
2426.43
2395.12
2357.93
2315.19
2267.31
2214.82
2158.25
2098.16
2035.08
1969.52
1901.95
1832.81
1762.48
1691.26
1619.44
1547.31
1475.09
1402.91
1330.79
1258.84
1187.19
1115.91
1045
974.419
904.163
834.257
764.714
695.508
626.584
558.042
490.521
425.189
363.297
305.901
253.775
207.41
167.039
132.565
103.679
80.0133
61.1415
46.5487
35.6552
27.9009
22.7973
19.9153
18.8387
19.1119
20.2658
22.1138
24.5812
27.4121
30.3019
33.0811
35.7231
38.2838
40.6999
42.8249
44.6178
46.126
47.4525
48.6034
49.4897
50.1406
50.6407
51.0284
51.2933
51.4279
51.4687
51.4624
51.4164
51.3225
51.1876
51.032
50.8811
50.7345
50.5838
50.4361
50.3051
50.196
50.101
50.0172
49.9492
49.8983
49.8604
49.8315
49.8114
49.801
49.7972
49.7984
49.8031
49.8107
49.8188
49.8275
49.8383
49.8495
49.8576
49.8628
49.8695
49.8781
49.8841
49.8873
49.8916
49.897
49.9007
49.9049
49.9102
49.9149
49.9163
49.9161
49.9176
49.9201
49.9211
49.9227
49.9264
49.9282
49.928
49.93
49.935
49.9396
49.9415
49.9445
49.9502
49.9549
49.958
49.9617
49.9664
49.9701
49.973
49.9775
49.9827
49.9852
49.9877
49.9926
49.9977
50.0003
50.0021
50.0053
50.0079
50.0076
50.006
50.0053
50.0057
50.0071
50.0099
50.012
50.01
50.0055
50.0037
50.0054
50.0052
50.0026
50.0013
50.0022
50.001
49.9975
49.9959
49.9959
49.9943
49.9918
49.9917
49.9939
49.9949
49.9948
49.9968
49.9989
49.9982
49.9953
49.9925
49.9915
49.9898
49.9873
49.9864
49.9849
49.9842
49.9863
49.9876
49.9888
49.9918
49.9928
49.993
49.995
49.995
49.9915
49.9895
49.9902
49.9881
49.9859
49.987
49.9872
49.9882
49.9921
49.993
49.9919
49.9932
49.9929
49.9915
49.9919
49.9886
49.9874
49.9899
49.9894
49.99
49.9945
49.9963
49.9974
49.9982
49.9951
49.9935
49.9921
49.9902
49.9922
49.9931
49.9956
49.9981
49.9989
50.0001
49.9977
49.9963
49.9963
49.9946
49.9975
49.9992
50.0003
50.0023
49.9997
49.9982
49.9941
49.9931
49.9928
49.9917
49.9937
49.9926
49.9935
49.9916
49.9915
49.9912
49.9906
49.9933
49.9922
49.9927
49.992
49.9937
49.9922
49.9943
49.9949
49.997
49.996
49.9975
49.9967
49.9962
49.9978
49.9972
49.9976
49.9954
49.9942
49.9922
49.9924
49.9934
49.9929
49.9949
49.9948
49.9954
49.9962
49.999
49.999
50.0004
49.9999
50.001
49.9995
49.9998
49.9993
49.9992
50.0003
50.0006
50.0019
50.0011
50.0007
49.9994
49.9992
50.0021
50.0024
50.0036
50.0035
50.0039
50.0058
50.0044
50.0047
50.0017
49.9988
49.9991
49.998
49.9999
50.0012
50.0017
50.0004
50.0013
50.0001
50.0002
50.0019
50.0013
50.0002
49.9991
49.9986
50.0013
50.0052
50.008
50.0097
50.0124
50.0158
50.0166
50.0125
50.0071
50.0036
50.0042
50.0061
50.0067
50.0052
50.0032
50.0044
50.0044
50.0015
49.9994
50.0005
50.0028
50.0058
50.0092
50.0108
50.0091
50.0105
50.013
50.0144
50.0138
50.0119
50.0105
50.0115
50.0059
50.003
50.0056
50.0102
50.0093
50.0058
50.0063
50.0101
50.0091
50.0043
50.0032
50.0059
50.0065
50.0044
50.0033
50.0023
49.9992
49.998
49.9999
50.005
50.0084
50.0084
50.0067
50.0055
50.005
50.0063
50.0073
50.008
50.0072
50.0031
49.9994
50.0008
50.0028
50.0025
50.0013
50.0036
50.0052
50.0041
50.0051
50.0064
50.0035
50.0031
50.0037
50.0042
50.0079
50.0095
50.0121
50.0099
50.0016
49.9983
49.9982
49.9995
50.0043
50.0093
50.0099
50.0105
50.0118
50.0078
50.0029
50.0013
49.9981
50.0002
50.0072
50.006
50.0115
50.0111
50.0119
50.0154
50.0114
50.0091
50.0079
50.0077
50.0049
50.0061
50.0049
50.0027
50.0079
50.0043
50.0046
50.0124
50.013
50.0057
50.0055
50.0046
50.0121
50.011
50.0053
50.0073
50.0045
50.0041
50.0049
50.0031
49.9997
49.9955
50.0016
50.0066
50.0099
50.0109
50.0102
50.0024
50.0003
50.0027
50.0098
50.0073
50.0027
50.0017
50.0033
50.0033
50.0022
50.0049
50.004
50.0046
50.0068
50.0058
50.005
50.0088
50.007
50.0017
49.9958
50.0038
50.0037
50.0065
50.0056
50.0034
50.003
50.0031
50.0052
50.0063
50.0045
50.0067
50.0132
50.0105
50.0095
50.0092
50.0036
50.0012
50.0035
50.0148
50.0151
50.0049
50.0055
50.0072
50.0018
49.9967
50.0031
50.0141
50.0068
50.0012
50.0047
50.0117
50.0032
49.9999
50.0012
50.0063
50.0117
50.0157
50.0106
50.0077
50.0035
50.0003
50.0043
50.0099
50.0102
50.0106
50.0013
50.0014
50.006
50.0083
50.0039
50.0039
50.0113
50.005
50.0004
50.0044
50.0067
50.0089
50.0091
50.0096
50.008
50.0005
50.0053
50.0161
49.9963
50.0084
50.0103
49.9995
50.0076
50.012
50.0049
49.9977
50.0023
50.0099
50.005
50.0094
50.0042
49.999
50.0098
50.0051
50.0058
50.011
50.0045
49.999
50.0054
50.0015
50.0018
50.0057
50.0065
50.0107
50.0074
50.0094
50.0081
50.0067
50.0059
49.9976
50.0102
49.9999
50.0015
50.0139
50.0038
50.0084
50.0084
50.0002
50.0047
50.0027
50.0015
50.0106
50.0067
49.9988
50.0053
50.0105
50.0009
50.0038
50.0026
50.0079
50.0133
50.0039
50.0013
50.0047
50.0055
50.0101
50.0053
50.0111
50.0033
50.0114
50.0026
50.0052
50.0083
50.0041
50.0057
50.0068
50.0117
50.0043
50.0084
50.0065
50.0067
50.0055
50.0015
50.008
50.0067
50.0089
50.0019
50.0037
50.0075
50.0136
49.9979
50.0092
50.0071
50.0062
50.0049
50.0124
50.0042
50.0108
50.0082
50.0029
50.0054
50.0077
50.0009
50.0045
50.0121
50.0065
50.0082
50.0052
50.0073
50.0073
50.0089
50.0093
50.0059
50.0082
50.0035
50.0082
50.0003
50.0088
50.0088
50.0094
50.0064
50.0046
50.0087
50.0076
50.007
50.0046
50.0062
50.0072
50.0063
50.0064
50.006
50.0029
50.0098
50.0034
50.008
50.0029
50.0079
50.0062
50.006
50.0038
50.0042
50.0069
50.004
50.0083
50.0036
50.0063
50.0079
50.0084
50.0058
50.0042
50.0058
50.0062
50.0082
49.9997
50.0097
50.0056
50.0076
50.0056
50.005
50.0043
50.0053
50.0042
50.0051
50.0076
50.0084
50.0051
50.0029
50.0088
50.0064
50.0034
50.0044
50.0075
50.0043
50.0061
50.0028
50.005
50.0056
50.0052
50.0071
50.0063
50.0054
50.006
50.0048
50.008
50.0042
50.0103
50.006
50.003
50.0116
50.0051
50.0087
50.0047
50.0016
50.0053
50.004
50.0067
50.0037
50.0086
50.0084
50.0047
50.0033
50.0063
50.005
50.008
50.0067
50.0032
50.0033
50.0059
50.0077
50.0052
50.0045
50.0047
50.0071
50.0069
50.0036
50.0088
50.0037
50.0024
50.0078
50.0082
50.0066
50.0053
50.0075
50.008
50.0056
50.0096
50.0051
50.0058
50.0062
50.0055
50.0023
50.0079
50.0077
50.0078
50.0065
50.0078
50.006
50.0077
50.0057
50.006
50.0055
50.0053
50.0084
50.0048
50.0071
50.0076
50.0066
50.0067
50.005
50.0033
50.0087
50.0064
50.0053
50.0052
50.006
50.0058
50.0039
50.0085
50.0022
50.0066
50.0055
50.0043
50.0064
50.0056
50.0016
50.0102
50.0054
50.0083
50.0049
50.0077
50.0066
50.0036
50.0049
50.0058
50.0071
50.0046
50.0047
50.0078
50.0029
50.0049
50.0098
50.0015
50.0067
50.0056
50.0041
50.0086
50.0039
50.006
50.0067
50.007
50.0084
50.0076
50.0048
50.0073
50.0035
50.008
50.0066
50.0059
50.0067
50.0078
50.0061
50.0056
50.0064
50.0064
50.0061
50.0073
50.0049
50.0054
50.0071
50.0044
50.0057
50.0078
50.0055
50.0049
50.0051
50.006
50.0053
50.0046
50.0076
50.0067
50.0061
50.0065
50.0039
50.005
50.0079
50.0043
50.006
50.0043
50.0045
50.0063
50.0048
50.0055
50.0059
50.006
50.0056
50.0072
50.0074
50.0069
50.0064
50.0047
50.008
50.0063
50.0071
50.0069
50.0048
50.0068
50.0066
50.0063
50.0063
50.0061
50.0056
50.0052
50.0063
50.0058
50.0052
50.0053
50.0062
50.0056
50.0074
50.0061
50.005
50.005
50.0064
50.004
50.0064
50.0044
50.0056
50.0052
50.0055
50.007
50.0058
50.0075
50.0067
50.0069
50.0056
50.0067
50.0069
50.0058
50.0065
50.0066
50.0069
50.0054
50.0062
50.0054
50.0061
50.0052
50.005
50.0053
50.0068
50.0071
50.0057
50.0042
50.0056
50.0059
50.0044
50.0066
50.0049
50.0059
50.0062
50.0066
50.0077
50.0064
50.0065
50.0053
50.008
50.006
50.0067
50.0061
50.0056
50.0054
50.0065
50.0055
50.005
50.0061
50.0055
50.0076
50.0039
50.0065
50.0052
50.0057
50.0053
50.0053
50.007
50.0052
50.0072
50.0063
50.0073
50.0059
50.0059
50.0072
50.0056
50.0064
50.0054
50.0063
50.0054
50.0057
50.0059
50.0059
50.0051
50.0058
50.0051
50.0053
50.0054
50.0065
50.0066
50.007
50.0064
50.0059
50.0067
50.0064
50.0066
50.0058
50.0062
50.0054
50.0056
50.0062
50.006
50.005
50.0055
50.0055
50.0054
50.0069
50.0052
50.0075
50.0068
50.0063
50.0059
50.0064
50.0059
50.0065
50.0053
50.0055
50.0061
50.0056
50.0058
50.0052
50.0053
50.0061
50.0056
50.0074
50.007
50.006
50.0059
50.0063
50.0057
50.0063
50.0052
50.0061
50.006
50.0051
50.0054
50.0052
50.0069
50.0062
50.0062
50.0063
50.0071
50.006
50.0061
50.006
50.005
50.0063
50.0053
50.0058
50.0056
50.0053
50.0063
50.0072
50.0058
50.0073
50.0063
50.0059
50.0061
50.0055
50.0063
50.0049
50.0056
50.0055
50.0061
50.007
50.0062
50.0068
50.0062
50.0056
50.0062
50.0055
50.0061
50.0054
50.0055
50.0063
50.0064
50.0068
50.0063
50.0062
50.0058
50.0057
50.0057
50.0057
50.0058
50.0054
50.0059
50.0068
50.0067
50.0064
50.0059
50.0058
50.0058
50.0053
50.0058
50.0054
50.0059
50.0068
50.007
50.0062
50.0062
50.0052
50.0062
50.0054
50.0054
50.006
50.0067
50.0068
50.0062
50.0062
50.0052
50.0063
50.0053
50.0053
50.0064
50.0071
50.0061
50.0063
50.0058
50.0058
50.0053
50.0056
50.0059
50.0068
50.0067
50.006
50.0059
50.0059
50.0053
50.0053
50.0063
50.0067
50.0065
50.0059
50.0056
50.0059
50.0056
50.006
50.0063
50.0066
50.0062
50.0055
50.006
50.0053
50.006
50.0062
50.0067
50.0061
50.0056
50.0059
50.0056
50.0059
50.0069
50.0064
50.0061
50.0056
50.0056
50.0055
50.0066
50.0064
50.0062
50.0056
50.0057
50.0055
50.0063
50.0065
50.0063
50.0055
50.0058
50.0053
50.0065
50.0064
50.0061
50.0056
50.0058
50.0055
50.0064
50.0067
50.006
50.0057
50.0053
50.0059
50.0067
50.0062
50.0055
50.0058
50.0061
50.0062
50.0064
50.0055
50.0057
50.0057
50.0066
50.0063
50.0057
50.0057
50.006
50.0064
50.0063
50.0057
50.0057
50.0058
50.0066
50.0061
50.0058
50.0055
50.0061
50.0065
50.0059
50.0057
50.0058
50.0061
50.0064
50.0058
50.0055
50.0063
50.0064
50.0056
50.0058
50.0058
50.0066
50.006
50.0056
50.0057
50.0066
50.0062
50.0055
50.0058
50.0065
50.0061
50.0055
50.0058
50.0065
50.006
50.0057
50.006
50.0064
50.0058
50.0058
50.006
50.0065
50.0058
50.0057
50.0064
50.006
50.0056
50.006
50.0063
50.006
50.0055
50.0066
50.0059
50.0057
50.0062
50.0064
50.0057
50.0057
50.0067
50.0059
50.0056
50.0063
50.0059
50.0058
50.0064
50.006
50.0057
50.0059
50.0063
50.0056
50.0062
50.0063
50.0055
50.0061
50.0063
50.0056
50.0062
50.0059
50.0057
50.0064
50.0058
50.0058
50.0063
50.0059
50.0058
50.0063
50.0057
50.0061
50.0061
50.0056
50.0064
50.006
50.0058
50.0062
50.0056
50.0063
50.006
50.0057
50.0065
50.0056
50.0061
50.006
50.0058
50.0063
50.0056
50.0063
50.0059
50.0059
50.0061
50.0058
50.0064
50.0056
50.0063
50.0059
50.0061
50.006
50.0059
50.0063
50.0058
50.0062
50.0057
50.0064
50.0056
50.0063
50.0058
50.0062
50.0058
50.0061
50.0061
50.0058
50.0062
50.0059
50.0061
50.0058
50.0062
50.0059
50.006
50.0062
50.0058
50.0062
50.0057
50.0063
50.0057
50.0063
50.0057
50.0063
50.0056
50.0061
50.006
50.0059
50.0062
50.0058
50.0063
50.0058
50.0062
50.006
50.0059
50.0061
50.0057
50.0063
50.0058
50.006
50.0062
50.0058
50.0061
50.006
50.0058
50.0063
50.0058
50.006
50.0061
50.0057
50.0062
50.006
50.0057
50.0062
50.0061
50.0058
50.0062
50.0061
50.0058
50.006
50.0062
50.0059
50.0058
50.0061
50.006
50.0058
50.0061
50.0061
50.006
50.0058
50.0061
50.0061
50.0059
50.0059
50.0061
50.0061
50.006
50.0059
50.0059
50.0061
50.0061
50.006
50.0059
50.0059
50.0062
50.006
50.006
50.0059
50.006
50.006
50.0061
50.006
50.006
50.006
50.0059
50.006
50.0059
50.006
50.0061
50.006
50.0061
50.0061
50.006
50.006
50.006
50.0059
50.006
50.006
50.006
50.0059
50.006
50.0061
50.006
50.006
50.006
50.006