2500.3
2500.27
2499.81
2497.91
2493.25
2484.57
2470.89
2451.57
2426.26
2394.9
2357.65
2314.84
2266.92
2214.37
2157.74
2097.59
2034.45
1968.84
1901.22
1832.03
1761.64
1690.4
1618.57
1546.38
1474.01
1401.64
1329.42
1257.44
1185.75
1114.39
1043.4
972.778
902.523
832.599
762.987
693.69
624.779
556.714
490.55
427.584
368.961
315.523
267.793
226
190.133
159.974
135.163
115.247
99.7124
88.01
79.569
73.8948
70.5428
69.0432
68.9604
69.9517
71.7427
74.0948
76.7422
79.4833
82.2662
85.0301
87.6571
90.0423
92.1658
94.0525
95.7099
97.1131
98.2554
99.174
99.9146
100.496
100.914
101.189
101.362
101.458
101.484
101.452
101.385
101.277
101.134
100.999
100.881
100.759
100.621
100.485
100.368
100.271
100.178
100.081
99.9963
99.9435
99.912
99.878
99.8366
99.8052
99.7956
99.8012
99.8045
99.8083
99.8124
99.8193
99.8282
99.8371
99.8439
99.848
99.8529
99.8677
99.8892
99.9021
99.9042
99.9043
99.9114
99.9217
99.9258
99.9276
99.9376
99.9473
99.9484
99.944
99.9453
99.9523
99.9579
99.9595
99.9639
99.9707
99.9757
99.977
99.9782
99.9808
99.9832
99.9837
99.984
99.9859
99.9892
99.9921
99.9939
99.9952
99.9955
99.9959
99.9965
99.9979
100
100.004
100.007
100.008
100.007
100.006
100.005
100.008
100.011
100.013
100.014
100.014
100.012
100.011
100.011
100.013
100.014
100.014
100.012
100.009
100.007
100.005
100.005
100.006
100.008
100.008
100.005
100.002
100.001
100.001
100.004
100.005
100.005
100.004
100.003
100.005
100.008
100.01
100.009
100.006
100.003
100.004
100.005
100.002
99.9963
99.9915
99.9925
99.9932
99.9909
99.9844
99.9795
99.9797
99.978
99.9717
99.9709
99.9711
99.9686
99.9684
99.9708
99.9708
99.9694
99.9735
99.9771
99.9787
99.9792
99.9825
99.9847
99.9873
99.9896
99.9909
99.9927
99.9952
99.9978
100.001
100.001
100
100.001
100.002
100
99.9976
99.9952
99.9939
99.9938
99.9927
99.9904
99.9891
99.989
99.9911
99.9923
99.9911
99.9913
99.9944
99.9974
99.9977
99.9979
100
100.003
100.002
99.9995
99.9992
99.9991
99.997
99.9939
99.9914
99.993
99.9926
99.9886
99.9876
99.9882
99.9864
99.9863
99.9888
99.9917
99.995
99.9988
100
100
100.002
100.004
100
99.9976
99.9964
99.9922
99.9884
99.9847
99.9801
99.9771
99.9747
99.9728
99.9758
99.9894
100.01
100.034
100.055
100.07
100.076
100.069
100.055
100.04
100.029
100.02
100.014
100.012
100.009
100.008
100.008
100.007
100.004
100.004
100.005
100.007
100.012
100.011
100.009
100.013
100.014
100.015
100.016
100.019
100.018
100.021
100.022
100.02
100.019
100.014
100.014
100.012
100.012
100.015
100.013
100.015
100.011
100.009
100.009
100.007
100.008
100.011
100.012
100.01
100.012
100.01
100.011
100.014
100.011
100.013
100.016
100.016
100.018
100.016
100.01
100.012
100.01
100.012
100.011
100.014
100.011
100.009
100.008
100.006
100.006
100.007
100.01
100.012
100.018
100.019
100.019
100.017
100.017
100.012
100.005
100.001
100.004
100.006
100.012
100.017
100.017
100.016
100.017
100.015
100.013
100.012
100.012
100.012
100.015
100.011
100.008
100.01
100.012
100.008
100.008
100.009
100.01
100.012
100.013
100.014
100.014
100.013
100.01
100.007
100.007
100.008
100.008
100.011
100.011
100.014
100.016
100.015
100.013
100.01
100.015
100.017
100.013
100.013
100.01
100.003
100.008
100.014
100.014
100.015
100.015
100.01
100.008
100.009
100.015
100.011
100.007
100.009
100.009
100.01
100.011
100.009
100.011
100.017
100.02
100.017
100.013
100.008
100.004
100.005
100.014
100.022
100.021
100.017
100.012
100.011
100.009
100.009
100.008
100.01
100.014
100.015
100.012
100.01
100.012
100.011
100.01
100.011
100.008
100.012
100.014
100.011
100.011
100.013
100.009
100.01
100.007
100.009
100.008
100.009
100.011
100.011
100.01
100.012
100.012
100.012
100.015
100.011
100.014
100.015
100.012
100.01
100.009
100.012
100.009
100.013
100.017
100.016
100.014
100.011
100.007
100.006
100.009
100.012
100.01
100.005
100.008
100.009
100.013
100.014
100.01
100.008
100.011
100.015
100.023
100.021
100.011
100.013
100.012
100.005
100.011
100.011
100.006
100.01
100.015
100.014
100.013
100.012
100.014
100.018
100.015
100.007
100.002
100.002
100.009
100.012
100.009
100.006
100.004
100.012
100.021
100.019
100.01
100.007
100.006
100.015
100.02
100.017
100.005
100.01
100.016
100.019
100.009
100.015
100.013
100.012
100.015
100.004
100.012
100.014
100.006
100.005
100.009
100.012
100.008
100.008
100.017
100.03
100.006
100.016
100.011
100.003
100.011
100.014
100.019
100.014
100
100.019
100.015
100.017
100.016
100.003
100.016
100.009
100.013
100.016
100.015
100.014
100.017
100.006
100.01
100.017
100.02
100.004
100.003
100.022
100.018
100.008
100.013
100.004
100.004
100.009
100.022
100.015
100.02
100.018
100.014
100.015
100.019
100.017
100.017
100.012
100.006
100.014
100.012
100.008
100.01
100.014
100.013
100.008
100.009
100.014
100.008
100.011
100.016
100.011
100.012
100.014
100.01
100.01
100.015
100.012
100.015
100.012
100.014
100.012
100.011
100.011
100.011
100.018
100.011
100.013
100.008
100.013
100.012
100.01
100.012
100.009
100.01
100.013
100.007
100.014
100.006
100.014
100.011
100.016
100.01
100.012
100.013
100.009
100.016
100.012
100.004
100.013
100.009
100.017
100.011
100.009
100.011
100.016
100.012
100.01
100.01
100.014
100.009
100.01
100.008
100.012
100.013
100.014
100.008
100.013
100.011
100.017
100.018
100.011
100.006
100.013
100.017
100.008
100.019
100.007
100.019
100.014
100.001
100.015
100.01
100.017
100.016
100.022
100.013
100.014
100.011
100.013
100.012
100.011
100.01
100.014
100.012
100.012
100.008
100.01
100.012
100.012
100.015
100.009
100.015
100.011
100.013
100.011
100.01
100.011
100.008
100.009
100.013
100.011
100.014
100.012
100.012
100.012
100.009
100.012
100.011
100.009
100.011
100.014
100.01
100.015
100.011
100.007
100.011
100.011
100.01
100.012
100.019
100.013
100.008
100.014
100.011
100.013
100.015
100.009
100.011
100.012
100.019
100.019
100.012
100.013
100.012
100.006
100.015
100.012
100.011
100.011
100.013
100.014
100.01
100.016
100.01
100.011
100.011
100.009
100.009
100.01
100.014
100.014
100.011
100.009
100.011
100.012
100.013
100.011
100.012
100.011
100.01
100.011
100.011
100.017
100.011
100.013
100.01
100.014
100.015
100.007
100.015
100.017
100.017
100.012
100.011
100.012
100.011
100.012
100.01
100.012
100.012
100.013
100.011
100.009
100.009
100.012
100.012
100.013
100.014
100.008
100.012
100.011
100.01
100.012
100.009
100.012
100.011
100.017
100.01
100.011
100.015
100.007
100.016
100.013
100.018
100.012
100.012
100.011
100.012
100.013
100.011
100.011
100.011
100.011
100.009
100.012
100.013
100.011
100.012
100.012
100.01
100.012
100.009
100.012
100.016
100.01
100.011
100.014
100.01
100.014
100.017
100.013
100.011
100.012
100.012
100.012
100.012
100.011
100.011
100.01
100.013
100.012
100.011
100.011
100.011
100.008
100.012
100.015
100.01
100.013
100.012
100.015
100.016
100.011
100.012
100.012
100.011
100.013
100.011
100.011
100.01
100.014
100.01
100.012
100.011
100.011
100.011
100.014
100.011
100.013
100.01
100.017
100.013
100.012
100.012
100.012
100.014
100.01
100.01
100.012
100.014
100.01
100.011
100.01
100.011
100.015
100.011
100.012
100.014
100.014
100.012
100.012
100.012
100.011
100.011
100.01
100.014
100.01
100.012
100.01
100.012
100.013
100.013
100.012
100.016
100.012
100.012
100.012
100.012
100.011
100.012
100.013
100.011
100.011
100.01
100.014
100.012
100.012
100.016
100.012
100.012
100.011
100.011
100.01
100.013
100.01
100.011
100.011
100.015
100.011
100.012
100.016
100.012
100.011
100.013
100.01
100.011
100.011
100.011
100.011
100.013
100.012
100.013
100.013
100.012
100.012
100.011
100.01
100.013
100.011
100.011
100.013
100.012
100.014
100.013
100.012
100.012
100.011
100.01
100.012
100.011
100.011
100.013
100.012
100.015
100.012
100.012
100.011
100.011
100.011
100.011
100.012
100.013
100.013
100.014
100.012
100.012
100.011
100.011
100.012
100.011
100.013
100.013
100.013
100.012
100.011
100.011
100.012
100.011
100.012
100.012
100.014
100.012
100.011
100.011
100.012
100.011
100.013
100.011
100.015
100.012
100.012
100.011
100.012
100.011
100.012
100.013
100.014
100.012
100.01
100.012
100.011
100.012
100.012
100.014
100.012
100.011
100.012
100.012
100.012
100.012
100.014
100.012
100.011
100.012
100.011
100.012
100.014
100.012
100.011
100.011
100.011
100.012
100.012
100.014
100.012
100.011
100.012
100.012
100.012
100.014
100.012
100.011
100.011
100.012
100.013
100.013
100.012
100.012
100.011
100.012
100.014
100.012
100.011
100.012
100.012
100.012
100.013
100.012
100.011
100.011
100.013
100.013
100.012
100.012
100.011
100.013
100.013
100.012
100.011
100.011
100.012
100.014
100.011
100.011
100.011
100.013
100.013
100.011
100.011
100.012
100.013
100.012
100.011
100.011
100.013
100.013
100.011
100.011
100.013
100.013
100.011
100.011
100.011
100.013
100.012
100.011
100.012
100.013
100.012
100.011
100.012
100.013
100.012
100.011
100.012
100.013
100.012
100.011
100.012
100.013
100.011
100.011
100.013
100.012
100.011
100.012
100.013
100.011
100.011
100.012
100.013
100.011
100.012
100.013
100.012
100.011
100.013
100.012
100.011
100.012
100.013
100.011
100.012
100.013
100.012
100.012
100.013
100.011
100.011
100.013
100.011
100.011
100.013
100.011
100.011
100.013
100.011
100.011
100.013
100.012
100.011
100.013
100.011
100.012
100.013
100.011
100.012
100.012
100.011
100.013
100.012
100.012
100.013
100.011
100.013
100.012
100.012
100.013
100.011
100.012
100.012
100.012
100.012
100.012
100.013
100.012
100.012
100.013
100.011
100.013
100.011
100.012
100.012
100.012
100.013
100.011
100.013
100.011
100.013
100.012
100.012
100.012
100.011
100.012
100.012
100.012
100.012
100.013
100.012
100.012
100.011
100.013
100.011
100.013
100.011
100.013
100.011
100.012
100.011
100.012
100.012
100.012
100.012
100.012
100.012
100.012
100.013
100.011
100.012
100.011
100.013
100.012
100.012
100.012
100.012
100.012
100.011
100.013
100.012
100.012
100.012
100.011
100.013
100.012
100.012
100.012
100.011
100.012
100.012
100.012
100.012
100.012
100.012
100.012
100.012
100.012
100.012
100.012
100.012
100.012
100.012
100.012
100.012
100.012
100.012
100.012
100.012
100.012
100.012
100.012
100.012
100.012
100.012
100.012
100.012
100.012
100.012
100.012
100.012
100.012
100.012
100.012
100.012
100.012
100.012
100.012
100.012
100.012
100.012
100.012
100.012
100.012
100.012
100.012
100.012
100.012
100.012
100.012
100.012
100.012
100.012
100.012
100.012
100.012
100.012
100.012
100.012
100.012
100.012
100.012
100.012
100.012
100.012
100.012
100.012
100.012
100.012
100.012
100.012
100.012
100.012
100.012
100.012
100.012
100.012
100.012
100.012
100.012
100.012
100.012
100.012
100.012
100.012
100.012
100.012
100.012
100.012
100.012
100.012
100.012
100.012
100.012
100.012
100.012
100.012
100.012
100.012
100.012
100.012
100.012
100.012
100.012
100.012
100.012
100.012
100.012
100.012
100.012
100.012
100.012
100.012
100.012
100.012
100.012
100.012
100.012
100.012
100.012
100.012
100.012
100.012
100.012
100.012
100.012
100.012
100.012
100.012
100.012
100.012
100.012
100.012
100.012
100.012
100.012
100.012
100.012
100.012
100.012
100.012
100.012
100.012
100.012
100.012
100.012
100.012
100.012
100.012
100.012
100.012
100.012
100.012
100.012
100.012
100.012
100.012
100.012
100.012
100.012
100.012
100.012
100.012
100.012
100.012
100.012
100.012
100.012
100.012
100.012
100.012
100.012
100.012
100.012
100.012