121.043
121.049
121.068
121.049
120.928
120.649
120.196
119.57
118.752
117.72
116.475
115.035
113.411
111.594
109.609
107.485
105.245
102.893
100.438
97.8848
95.2474
92.5454
89.792
87.0185
84.246
81.475
78.7028
75.9267
73.1397
70.3242
67.4735
64.604
61.7671
59.0408
56.4978
54.1742
52.0825
50.244
48.6586
47.3153
46.2002
45.2987
44.6086
44.1105
43.7732
43.5743
43.5067
43.5587
43.7035
43.9188
44.1869
44.4783
44.773
45.0472
45.2825
45.4774
45.6374
45.763
45.8551
45.9117
45.9385
45.9286
45.8759
45.8157
45.7879
45.7988
45.8427
45.9107
45.9743
46.038
46.1315
46.2168
46.2648
46.3211
46.3933
46.4348
46.443
46.4376
46.4192
46.3602
46.2541
46.1364
46.0452
45.9754
45.9366
45.9409
45.9762
46.0223
46.0781
46.1579
46.2443
46.3227
46.4036
46.4734
46.5016
46.485
46.451
46.3935
46.3153
46.2408
46.1717
46.1088
46.0769
46.0829
46.1038
46.1206
46.1397
46.1853
46.259
46.3217
46.3683
46.4142
46.445
46.454
46.4508
46.4447
46.4261
46.3974
46.3628
46.3248
46.2856
46.2472
46.2176
46.1994
46.2023
46.2355
46.2815
46.3293
46.3732
46.4151
46.4449
46.4634
46.4794
46.4871
46.4743
46.4431
46.4107
46.3771
46.3249
46.2632
46.2205
46.2127
46.2289
46.2486
46.2685
46.3046
46.3557
46.3966
46.4214
46.4514
46.4879
46.511
46.5096
46.4843
46.4479
46.4031
46.3549
46.3175
46.3001
46.2962
46.296
46.3054
46.3259
46.3531
46.3846
46.4288
46.4882
46.544
46.5883
46.6144
46.6239
46.6127
46.5757
46.5303
46.4944
46.4654
46.4301
46.3957
46.3738
46.3599
46.3554
46.3735
46.4153
46.469
46.5163
46.5556
46.5812
46.5838
46.5714
46.5633
46.5522
46.5403
46.5174
46.4848
46.4503
46.4196
46.4169
46.4423
46.4798
46.5181
46.549
46.5772
46.592
46.6094
46.6311
46.6252
46.5966
46.5692
46.5474
46.5367
46.5417
46.5557
46.5577
46.5571
46.5672
46.6009
46.6355
46.6358
46.6149
46.6091
46.5848
46.5696
46.5732
46.5663
46.5824
46.5998
46.6134
46.6591
46.6781
46.6821
46.6773
46.6497
46.6401
46.6287
46.6304
46.633
46.6382
46.6872
46.7427
46.7715
46.7638
46.7543
46.7561
46.7559
46.7198
46.6846
46.6633
46.6666
46.6757
46.6825
46.7088
46.7559
46.8079
46.8294
46.8102
46.7786
46.7542
46.7312
46.6993
46.6753
46.6731
46.7166
46.742
46.7399
46.7412
46.7697
46.775
46.7533
46.7223
46.7098
46.717
46.7062
46.6824
46.7001
46.731
46.7304
46.7184
46.709
46.6988
46.6843
46.6726
46.6806
46.6721
46.6484
46.6428
46.6606
46.6792
46.6755
46.6632
46.6571
46.6376
46.6018
46.5901
46.5837
46.5591
46.5455
46.5928
46.6286
46.6281
46.637
46.6361
46.5839
46.559
46.5651
46.5539
46.556
46.5802
46.5741
46.5584
46.5414
46.494
46.4562
46.4854
46.5064
46.5118
46.5401
46.5203
46.4647
46.4595
46.4425
46.4178
46.4323
46.4242
46.4145
46.4428
46.4416
46.4401
46.4519
46.4263
46.4203
46.4157
46.3938
46.427
46.4436
46.4151
46.3901
46.3531
46.3582
46.3923
46.4099
46.4039
46.3745
46.3474
46.3489
46.3754
46.3988
46.3885
46.3746
46.3694
46.3661
46.3867
46.3862
46.3842
46.389
46.3777
46.3942
46.3902
46.3952
46.3965
46.4414
46.4917
46.4951
46.4699
46.442
46.4737
46.4901
46.5539
46.5388
46.5106
46.4878
46.5262
46.5758
46.6158
46.6031
46.5837
46.582
46.6004
46.6294
46.6453
46.6387
46.6335
46.6451
46.6353
46.661
46.6625
46.6561
46.6544
46.6581
46.6661
46.6741
46.6559
46.6248
46.6357
46.6603
46.6823
46.6434
46.6175
46.5991
46.6323
46.659
46.6071
46.5797
46.5845
46.5997
46.6087
46.5584
46.53
46.5365
46.5552
46.5519
46.5078
46.4695
46.5066
46.4984
46.4482
46.4181
46.4137
46.4579
46.4067
46.3524
46.3568
46.3853
46.3909
46.3658
46.3388
46.3447
46.3584
46.3525
46.3021
46.3474
46.3744
46.3245
46.2967
46.3403
46.3612
46.3439
46.3305
46.3665
46.3899
46.4069
46.4038
46.4555
46.4667
46.4383
46.4821
46.5227
46.512
46.5198
46.5686
46.5834
46.5943
46.6089
46.6393
46.6361
46.6277
46.666
46.6769
46.6453
46.6753
46.6872
46.6488
46.6413
46.6714
46.6218
46.6068
46.6272
46.5895
46.5689
46.5934
46.5691
46.5363
46.5622
46.5252
46.4737
46.4966
46.4655
46.4109
46.4405
46.3941
46.3452
46.3811
46.3421
46.3319
46.3587
46.3237
46.3323
46.3624
46.3249
46.37
46.3903
46.3667
46.4112
46.415
46.4349
46.4806
46.4576
46.5286
46.5695
46.5425
46.6111
46.6107
46.6474
46.663
46.6542
46.6889
46.6374
46.6774
46.6584
46.6609
46.6686
46.6159
46.6278
46.5759
46.591
46.5516
46.5189
46.5119
46.4562
46.4442
46.3969
46.3962
46.3641
46.3652
46.3322
46.3516
46.3268
46.3438
46.3591
46.3568
46.3871
46.3922
46.4526
46.4721
46.494
46.5101
46.554
46.5595
46.6299
46.6242
46.6484
46.6542
46.6709
46.6788
46.6519
46.6406
46.6101
46.6236
46.5468
46.559
46.5074
46.4814
46.4446
46.4073
46.3945
46.3617
46.3646
46.3267
46.3377
46.3573
46.3516
46.3723
46.3992
46.4617
46.4858
46.5104
46.58
46.5857
46.6502
46.6514
46.6552
46.681
46.6831
46.6585
46.6584
46.617
46.5675
46.5554
46.5013
46.4565
46.4239
46.3844
46.3714
46.3712
46.3477
46.3523
46.3818
46.4021
46.4401
46.4775
46.5287
46.5668
46.6218
46.6519
46.6824
46.6812
46.6832
46.6681
46.6296
46.6004
46.5431
46.5092
46.4738
46.4275
46.3818
46.3597
46.3539
46.3532
46.3625
46.3967
46.4361
46.4966
46.5434
46.5963
46.6442
46.6742
46.6777
46.6792
46.6544
46.6059
46.5698
46.5186
46.4699
46.4243
46.3807
46.3495
46.3423
46.3661
46.3896
46.4455
46.5063
46.5669
46.6371
46.6767
46.6981
46.6859
46.6537
46.6301
46.5673
46.5026
46.4448
46.3986
46.3618
46.343
46.3718
46.3987
46.4485
46.5152
46.5915
46.6506
46.6883
46.6889
46.6637
46.6272
46.5689
46.5045
46.438
46.3848
46.351
46.3508
46.3951
46.4544
46.5242
46.5909
46.6631
46.6957
46.6877
46.6469
46.5931
46.5212
46.4495
46.3904
46.3663
46.365
46.4073
46.4807
46.5479
46.6371
46.6976
46.7076
46.6697
46.6266
46.5396
46.4546
46.4006
46.3554
46.3535
46.4154
46.4934
46.5869
46.6776
46.6999
46.6835
46.6328
46.5546
46.4659
46.3935
46.3551
46.3703
46.4551
46.5443
46.6356
46.6894
46.6959
46.6575
46.5702
46.4738
46.3903
46.3653
46.3836
46.4675
46.5693
46.6592
46.7018
46.6835
46.6071
46.4988
46.404
46.3592
46.3873
46.4637
46.5645
46.6774
46.716
46.6726
46.6014
46.498
46.4305
46.4102
46.4639
46.5496
46.6558
46.7206
46.7034
46.601
46.4885
46.4153
46.3845
46.4246
46.5573
46.6744
46.7156
46.6721
46.5692
46.4569
46.3764
46.4022
46.5012
46.6323
46.7051
46.6862
46.5838
46.4656
46.3853
46.4125
46.5202
46.6483
46.7156
46.6679
46.5561
46.4339
46.3871
46.4573
46.5966
46.7038
46.7007
46.611
46.4627
46.3877
46.4429
46.5742
46.697
46.7162
46.6155
46.4708
46.4046
46.4624
46.5941
46.7273
46.6995
46.5714
46.4402
46.4111
46.5223
46.677
46.7358
46.6257
46.4733
46.4053
46.473
46.6478
46.7315
46.6543
46.5117
46.4035
46.4822
46.6613
46.7379
46.6511
46.4831
46.4164
46.5104
46.6949
46.7353
46.6043
46.4479
46.442
46.5956
46.7452
46.6847
46.5116
46.4299
46.5402
46.7154
46.7256
46.5599
46.4324
46.5062
46.6981
46.7397
46.5862
46.4384
46.4929
46.7125
46.7392
46.5776
46.4325
46.5335
46.7168
46.7151
46.5231
46.44
46.5955
46.7466
46.6611
46.466
46.4898
46.687
46.7394
46.5437
46.441
46.598
46.757
46.6259
46.4535
46.5407
46.7504
46.6771
46.4757
46.5011
46.7269
46.7117
46.494
46.4968
46.7137
46.7182
46.4908
46.5021
46.721
46.6909
46.4828
46.5378
46.7563
46.6588
46.472
46.607
46.7705
46.5976
46.471
46.6872
46.742
46.5119
46.5428
46.7707
46.6411
46.4756
46.6798
46.7398
46.513
46.5743
46.7828
46.6059
46.5054
46.7464
46.6852
46.483
46.6858
46.739
46.5028
46.6272
46.7766
46.5399
46.6002
46.7919
46.5601
46.5827
46.7875
46.5666
46.5745
46.7817
46.5621
46.5965
46.7859
46.5541
46.6318
46.7826
46.5271
46.6855
46.7339
46.5115
46.7439
46.6705
46.5475
46.7865
46.5913
46.6262
46.7723
46.537
46.7512
46.6838
46.5713
46.8049
46.5597
46.7074
46.7101
46.5699
46.8032
46.5753
46.7243
46.7037
46.597
46.804
46.5558
46.7826
46.6246
46.6851
46.7289
46.5898
46.8097
46.571
46.8079
46.6105
46.7574
46.6751
46.6817
46.7395
46.6265
46.7884
46.6017
46.8092
46.5897
46.8189
46.5927
46.8071
46.5934
46.8021
46.6054
46.7998
46.6081
46.811
46.6105
46.8073
46.6076
46.8158
46.6017
46.8152
46.6121
46.8108
46.6318
46.7928
46.6802
46.7453
46.7276
46.6884
46.7944
46.647
46.8272
46.6404
46.8064
46.6989
46.7228
46.7911
46.6523
46.8293
46.675
46.7627
46.7761
46.6629
46.8238
46.6902
46.7467
46.8047
46.6683
46.8051
46.7682
46.6953
46.8381
46.7358
46.7199
46.8414
46.7271
46.7297
46.8373
46.7371
46.7367
46.834
46.7498
46.7186
46.8253
46.7843
46.7119
46.7932
46.8265
46.742
46.739
46.8253
46.8068
46.7289
46.7618
46.8283
46.805
46.7388
46.7638
46.8259
46.8256
46.7662
46.7542
46.8078
46.8369
46.8123
46.7702
46.7655
46.7997
46.8314
46.83
46.805
46.7824
46.7837
46.807
46.8373
46.8325
46.8327
46.8104
46.8018
46.7985
46.8063
46.8268
46.8333
46.8419
46.8435
46.8373
46.8339
46.8351
46.8317
46.8303
46.8268
46.8341
46.8325
46.835
46.8399
46.8376
46.8462
46.8474
46.8534
46.8554
46.8605
46.8638
46.8687
46.8729
46.8713
46.8669
46.8665
46.875
46.8809
46.8605
46.8623
46.8614
46.872
46.8794
46.8933
46.9003
46.8855
46.8699
46.8666
46.8718
46.8894
46.9125
46.9073
46.8825
46.8672
46.886
46.9226
46.9144
46.8819
46.8762
46.9151
46.9363
46.8938
46.8819
46.9307
46.931
46.8805
46.9129
46.95
46.8976
46.9066
46.9559
46.8949
46.9184
46.9571
46.8913
46.9481
46.9337
46.8986
46.9645
46.8898
46.9577
46.9175
46.9369
46.9412
46.9229
46.9601
46.9166
46.9677
46.9218
46.9673
46.929
46.9532
46.9529
46.942
46.9808
46.9211
46.9835
46.9317
46.9555
46.9826
46.9299
46.9773
46.9698
46.9354
46.9842
46.9749
46.9334
46.9619
46.9867
46.9556
46.9498
46.9792
46.989
46.9694
46.9533
46.9663
46.9885
46.9898
46.9829
46.9726
46.9711
46.9733
46.983
46.989
46.9921
46.989
46.9899
46.9883
46.9915
46.9895
46.9909
46.9933
46.9947
46.9952
47.0137
46.997
46.9958
46.9956
47.0027
47.01
47.0223
47.0166
47.0083
47.0013
47.0038
47.0225
47.0293
47.0112
46.9958
47.0209
47.0393
47.0178
47.0112
47.0474
47.0181
47.0092
47.0484
47.0156
47.0434
47.0494
47.0289
47.0597
47.0198
47.0642
47.0225
47.0649
47.0227
47.0638
47.0343
47.0465
47.0587
47.0368
47.0701
47.054
47.0405
47.0704
47.0641
47.0422
47.0602
47.0688
47.0609
47.0509
47.0486
47.0668
47.0722
47.0696
47.0659
47.0633
47.0636
47.0668
47.069
47.068
47.0785
47.0757
47.0802
47.0808
47.0749
47.0722
47.0705
47.0773
47.0826
47.0813
47.0672
47.0603
47.0784
47.0912
47.07
47.0755
47.0959
47.0711
47.0881
47.0876
47.0725
47.0961
47.0699
47.0972
47.0749
47.0973
47.0886
47.0799
47.1024
47.0762
47.0884
47.1072
47.0925
47.0846
47.0964
47.0986
47.1061
47.1012
47.1019
47.1003
47.0967
47.0988
47.108
47.1048
47.1056
47.1108
47.1126
47.1146
47.1066
47.1018
47.1043
47.1123
47.1135
47.1033
47.0999
47.1228
47.1063
47.1141
47.1145
47.1039
47.1176
47.0974
47.1133
47.1055
47.098
47.1193
47.1026
47.1067
47.1214
47.1164
47.1077
47.104
47.1118
47.1124
47.1124
47.1193
47.1149
47.1151
47.1139
47.1153
47.1168
47.118
47.112
47.1063
47.1142
47.1262
47.1175
47.1142
47.1305
47.1108
47.1322
47.1137
47.1327
47.1175
47.1241
47.1312
47.1197
47.1257
47.1352
47.1322
47.1306
47.1275
47.1272
47.1262
47.1373
47.1323
47.1321
47.1315
47.1256
47.124
47.1363
47.1266
47.1149
47.1319
47.1158
47.1298
47.1184
47.1318
47.118
47.1291
47.1284
47.1193
47.12
47.1293
47.126
47.1294
47.1276
47.1293
47.1289
47.1289
47.1306
47.1343
47.1296
47.1235
47.1326
47.1313
47.1184
47.135
47.1267
47.1323
47.1326
47.1312
47.1299
47.139
47.1361
47.1354
47.1349
47.1393
47.1374
47.1343
47.1326
47.1344
47.1401
47.1329
47.1279
47.1279
47.1238
47.1324
47.132
47.1276
47.1316
47.1306
47.131
47.1278
47.1277
47.128
47.1269
47.1231
47.1219
47.1255
47.1293
47.125
47.1395
47.1245
47.1377
47.1343
47.1356
47.1369
47.1402
47.135
47.1411
47.1371