120.495
120.488
120.462
120.393
120.231
119.928
119.466
118.817
117.971
116.934
115.701
114.274
112.658
110.874
108.933
106.844
104.626
102.286
99.8402
97.3075
94.7006
92.0419
89.348
86.6067
83.8348
81.0639
78.3058
75.5537
72.7685
69.9458
67.125
64.2888
61.3931
58.4549
55.4633
52.3698
49.163
45.8195
42.2784
38.5785
34.8624
31.2997
28.0295
25.1039
22.524
20.2942
18.4235
16.9045
15.7136
14.8309
14.2249
13.8823
13.7808
13.8589
14.0235
14.2061
14.3963
14.5438
14.5958
14.5688
14.552
14.5629
14.5083
14.4094
14.3854
14.4549
14.5715
14.7009
14.8273
14.9589
15.1029
15.3019
15.5588
15.8001
16.0291
16.2841
16.5457
16.7907
17.017
17.2404
17.477
17.686
17.8526
18.0203
18.1932
18.3423
18.4795
18.613
18.7206
18.7941
18.8546
18.9215
18.9895
19.0619
19.1307
19.1887
19.2409
19.2906
19.332
19.3572
19.3796
19.406
19.4204
19.4018
19.3739
19.3617
19.3594
19.3687
19.4008
19.4502
19.5027
19.5482
19.5847
19.6254
19.6721
19.7138
19.7458
19.7758
19.8
19.8116
19.8076
19.7954
19.7818
19.7703
19.7576
19.7501
19.7585
19.7728
19.789
19.8051
19.828
19.8587
19.8986
19.9447
19.9922
20.0283
20.0409
20.0394
20.0283
20.0092
19.9914
19.9838
19.9828
19.9821
19.9852
19.9932
20.0064
20.0248
20.0465
20.0661
20.0873
20.1052
20.124
20.1373
20.1442
20.1518
20.1627
20.1745
20.1944
20.2244
20.2463
20.2473
20.2323
20.2119
20.2014
20.1973
20.1881
20.1887
20.1989
20.2071
20.2113
20.2158
20.2297
20.2545
20.2858
20.3174
20.3409
20.3492
20.3421
20.3269
20.313
20.3001
20.2889
20.282
20.2821
20.283
20.2956
20.3202
20.3494
20.3806
20.403
20.4145
20.4167
20.4024
20.3753
20.3552
20.3453
20.3418
20.3544
20.3713
20.384
20.3987
20.4201
20.4375
20.4399
20.4353
20.4317
20.4253
20.43
20.4333
20.437
20.4407
20.4338
20.422
20.4173
20.4181
20.4301
20.447
20.4686
20.5007
20.5196
20.5344
20.5399
20.5127
20.4675
20.435
20.4265
20.4334
20.4403
20.4526
20.4822
20.5159
20.5509
20.5667
20.5572
20.5334
20.5062
20.4944
20.4981
20.4981
20.4966
20.5053
20.5262
20.5457
20.551
20.5391
20.5399
20.5394
20.5404
20.5285
20.519
20.5143
20.5182
20.5243
20.5294
20.5468
20.5667
20.5787
20.5707
20.5493
20.5482
20.5636
20.5594
20.5579
20.5602
20.5629
20.5606
20.5408
20.5293
20.5362
20.5386
20.5303
20.5344
20.568
20.5892
20.5862
20.5663
20.5517
20.5416
20.5133
20.5206
20.5631
20.574
20.584
20.5943
20.5767
20.5393
20.4953
20.4983
20.5198
20.5267
20.5531
20.5762
20.5656
20.5589
20.5567
20.5422
20.5119
20.5057
20.5217
20.5161
20.5228
20.5273
20.5314
20.5303
20.5461
20.5611
20.5265
20.5041
20.4828
20.4738
20.504
20.5511
20.5629
20.5569
20.5402
20.5042
20.4913
20.4944
20.4955
20.5229
20.5644
20.5266
20.4781
20.4449
20.4186
20.4452
20.4832
20.4895
20.5121
20.5143
20.4874
20.4658
20.4615
20.4569
20.459
20.4655
20.486
20.4955
20.4604
20.4523
20.4195
20.4309
20.4641
20.4731
20.47
20.4337
20.4085
20.4065
20.4136
20.4511
20.4472
20.4247
20.3948
20.3646
20.3849
20.3853
20.3964
20.3942
20.396
20.3706
20.3525
20.3564
20.3715
20.4056
20.3805
20.3678
20.3388
20.3605
20.367
20.3911
20.3581
20.3506
20.3236
20.3338
20.3481
20.3636
20.3443
20.3255
20.2946
20.305
20.3206
20.3375
20.2976
20.2795
20.272
20.2852
20.2864
20.2867
20.2497
20.2611
20.2695
20.2638
20.2647
20.2379
20.2196
20.2287
20.2624
20.2253
20.2076
20.1899
20.1785
20.2317
20.2034
20.1792
20.1986
20.1963
20.2085
20.188
20.1642
20.1773
20.182
20.1662
20.1426
20.1098
20.1396
20.161
20.1166
20.1063
20.1391
20.154
20.1244
20.0816
20.1084
20.1233
20.1049
20.0713
20.0662
20.0795
20.0794
20.0468
20.0406
20.0567
20.0544
20.0103
20.0245
20.0633
20.0185
19.9798
20.0189
20.0212
19.994
19.9949
19.9956
20
19.9553
19.9636
20.0113
19.9826
19.9305
19.9636
19.9718
19.9339
19.9267
19.9345
19.934
19.8979
19.9215
19.9269
19.8797
19.8948
19.9059
19.8434
19.8441
19.8685
19.8696
19.8697
19.8724
19.8499
19.8238
19.8766
19.8476
19.8104
19.8487
19.82
19.799
19.8183
19.8191
19.7806
19.7858
19.7538
19.7428
19.7832
19.7455
19.742
19.7594
19.7282
19.7395
19.7367
19.7006
19.7411
19.7197
19.6849
19.7127
19.6764
19.6815
19.6817
19.6575
19.6682
19.6468
19.6563
19.6594
19.615
19.6371
19.6125
19.6292
19.6229
19.5856
19.6202
19.5687
19.6042
19.5719
19.5811
19.5794
19.5474
19.5691
19.5163
19.5633
19.5237
19.5432
19.52
19.5154
19.5099
19.4941
19.5005
19.472
19.4971
19.47
19.4909
19.4569
19.4776
19.4317
19.4718
19.4192
19.4399
19.4168
19.4156
19.3946
19.4092
19.3785
19.385
19.3557
19.3892
19.368
19.3587
19.3506
19.3363
19.3463
19.3181
19.3275
19.2997
19.3171
19.2868
19.2905
19.2947
19.273
19.3035
19.2528
19.2841
19.2538
19.2504
19.247
19.2256
19.2374
19.2191
19.1944
19.209
19.1968
19.2039
19.2051
19.1799
19.1857
19.1591
19.1615
19.1648
19.1512
19.1427
19.1466
19.1247
19.1268
19.1312
19.1291
19.1174
19.1233
19.1054
19.0757
19.0847
19.0846
19.0596
19.0688
19.0674
19.0484
19.0478
19.0398
19.0521
19.0372
19.0105
19.0184
19.017
19.0055
18.9953
18.9769
18.9798
18.9811
18.9777
18.9702
18.9604
18.9722
18.9626
18.9494
18.947
18.9289
18.9358
18.9439
18.9284
18.9356
18.9143
18.8986
18.8926
18.8996
18.9038
18.8945
18.9004
18.8903
18.8726
18.886
18.8734
18.8682
18.8617
18.8613
18.8618
18.8538
18.8477
18.8501
18.8252
18.8263
18.8401
18.827
18.8329
18.824
18.8207
18.8113
18.8003
18.8033
18.8081
18.799
18.8009
18.7882
18.7846
18.7921
18.7774
18.7766
18.7653
18.762
18.7755
18.7603
18.7611
18.7532
18.7416
18.7538
18.7426
18.7409
18.7421
18.7327
18.7373
18.7298
18.7184
18.7189
18.7316
18.7068
18.7075
18.7036
18.7082
18.7027
18.691
18.6923
18.6848
18.6771
18.6677
18.6767
18.6702
18.655
18.6635
18.6385
18.6421
18.6466
18.6292
18.6154
18.6207
18.6089
18.6073
18.5977
18.5883
18.5721
18.569
18.569
18.551
18.5563
18.5338
18.5412
18.5289
18.5249
18.5071
18.5028
18.5031
18.4907
18.4914
18.4661
18.4645
18.4472
18.447
18.444
18.4277
18.4239
18.4145
18.4042
18.4062
18.3912
18.3745
18.3815
18.3869
18.3696
18.3574
18.3573
18.3545
18.3304
18.3317
18.3234
18.3132
18.3084
18.3066
18.3092
18.295
18.2961
18.2835
18.2822
18.2807
18.2758
18.2765
18.2773
18.2801
18.2679
18.2689
18.265
18.2618
18.258
18.2664
18.2641
18.2561
18.2561
18.2601
18.2632
18.2579
18.2617
18.2559
18.2621
18.2543
18.2557
18.2632
18.2684
18.2646
18.2708
18.2663
18.2574
18.2682
18.2688
18.2589
18.2634
18.2628
18.2554
18.255
18.2516
18.2425
18.2312
18.2291
18.2241
18.2181
18.212
18.202
18.1907
18.197
18.1759
18.1685
18.1673
18.1554
18.1517
18.1404
18.1219
18.118
18.1032
18.0923
18.0852
18.0829
18.0739
18.0554
18.0496
18.0413
18.0346
18.0322
18.0165
18.0158
18.0105
18.01
18.0076
17.9991
18.0077
17.999
17.9973
17.9973
18.0012
17.9968
17.9831
17.99
17.9953
17.9987
17.9999
17.9943
18.0153
18.0079
18.0229
18.0241
18.0247
18.0223
18.0265
18.0273
18.0193
18.034
18.0209
18.0212
18.0187
18.01
18.0022
17.9919
17.9847
17.9822
17.9738
17.9665
17.9618
17.9462
17.9331
17.9178
17.9131
17.9012
17.8903
17.8832
17.8751
17.8676
17.8592
17.8516
17.8493
17.8468
17.84
17.8412
17.8377
17.8424
17.8383
17.8376
17.8451
17.8428
17.855
17.8582
17.8616
17.8713
17.8735
17.877
17.8801
17.8879
17.8922
17.884
17.8789
17.8724
17.8799
17.8731
17.8565
17.8522
17.8359
17.8259
17.8117
17.8011
17.7895
17.7777
17.7587
17.7583
17.7483
17.7386
17.7329
17.7279
17.7222
17.7234
17.722
17.7197
17.7278
17.7347
17.7407
17.7493
17.7519
17.7621
17.7665
17.7718
17.7718
17.7839
17.7792
17.7789
17.7722
17.7655
17.7589
17.7462
17.7335
17.717
17.6989
17.6893
17.6872
17.672
17.6624
17.6588
17.6521
17.6471
17.6479
17.6586
17.6559
17.6643
17.6767
17.6763
17.6866
17.6953
17.705
17.7191
17.7149
17.7087
17.7063
17.7015
17.6904
17.6749
17.6594
17.6411
17.6276
17.6167
17.601
17.592
17.5881
17.5829
17.5897
17.593
17.598
17.6081
17.6162
17.6244
17.6386
17.6557
17.6593
17.6613
17.6548
17.6437
17.63
17.6194
17.5988
17.5833
17.5599
17.5485
17.538
17.529
17.5322
17.5357
17.5397
17.5452
17.5625
17.5786
17.5917
17.6002
17.6136
17.6113
17.6044
17.5896
17.575
17.5522
17.5311
17.5143
17.4959
17.4935
17.4857
17.4881
17.5004
17.5118
17.523
17.5424
17.5622
17.5682
17.5712
17.5666
17.5512
17.5354
17.5108
17.4866
17.4704
17.4546
17.4451
17.4517
17.4555
17.4714
17.4952
17.5098
17.5212
17.5298
17.531
17.5208
17.5093
17.4835
17.4641
17.4379
17.4237
17.4192
17.4234
17.432
17.4502
17.4794
17.4941
17.4975
17.5004
17.4934
17.4769
17.4519
17.4234
17.4025
17.391
17.3899
17.4022
17.4202
17.4415
17.4616
17.4724
17.4749
17.4607
17.4353
17.4072
17.3872
17.3716
17.3669
17.3798
17.427
17.428
17.4514
17.4609
17.456
17.4395
17.4098
17.3801
17.3647
17.3546
17.3537
17.3683
17.4002
17.4207
17.4392
17.4318
17.4082
17.384
17.3492
17.3317
17.3268
17.333
17.364
17.3854
17.4044
17.4101
17.3942
17.3602
17.3282
17.3047
17.3055
17.3241
17.3541
17.3767
17.3963
17.3892
17.363
17.3266
17.297
17.2872
17.2967
17.3269
17.3596
17.3822
17.3723
17.3413
17.3051
17.2758
17.2741
17.2951
17.3298
17.3637
17.3647
17.3407
17.3015
17.2682
17.2597
17.2745
17.3088
17.3401
17.3486
17.3291
17.2856
17.2486
17.2382
17.2556
17.2934
17.323
17.3266
17.2862
17.2406
17.2221
17.2318
17.2698
17.3073
17.3119
17.2817
17.2369
17.2091
17.2136
17.2524
17.2901
17.2943
17.2582
17.2105
17.1899
17.2052
17.2511
17.2812
17.2729
17.2266
17.1875
17.1858
17.2193
17.2655
17.2681
17.2283
17.1809
17.1773
17.2028
17.2471
17.2591
17.217
17.1684
17.1563
17.194
17.2359
17.2404
17.1967
17.1521
17.1512
17.1973
17.2288
17.2108
17.1559
17.1352
17.1886
17.2255
17.2343
17.1814
17.1391
17.151
17.1999
17.2243
17.177
17.1289
17.134
17.183
17.211
17.1692
17.1176
17.1204
17.176
17.199
17.1478
17.0992
17.1155
17.1792
17.1823
17.124
17.0947
17.1343
17.1832
17.1522
17.0891
17.0937
17.1547
17.164
17.0998
17.0723
17.1233
17.1632
17.1151
17.0624
17.1002
17.1541
17.1187
17.0571
17.0839
17.1412
17.1139
17.0551
17.0715
17.1308
17.0991
17.0334
17.0616
17.1204
17.0788
17.0254
17.0694
17.1107
17.0497
17.0229
17.0776
17.0925
17.0236
17.0313
17.0977
17.0618
17.0057
17.0743
17.0918
17.0187
17.0192
17.0853
17.0404
16.9959
17.0634
17.0651
16.9938
17.0273
17.0683
16.9958
16.9979
17.0604
16.9979
16.9772
17.0522
17.0094
16.97
17.0403
17.0043
16.9581
17.0238
16.99
16.9489
17.0269
16.99
16.9486
17.0172
16.962
16.9454
17.0092
16.9399
16.9492
16.9997
16.9244
16.9668
16.9751
16.909
16.9796
16.937
16.9195
16.9798
16.91
16.956
16.952
16.8987
16.9722
16.9088
16.9305
16.95
16.8921
16.9638
16.8906
16.9254
16.9324
16.8878
16.9508
16.8686
16.9302
16.8848
16.8961
16.9084
16.8679
16.9256
16.854
16.9234
16.857
16.8978
16.8692
16.8759
16.8834
16.8549
16.8849
16.8385
16.8961
16.8307
16.8942
16.8297
16.892
16.8205
16.8846
16.8168
16.8764
16.8077
16.8715
16.8059
16.8615
16.8004
16.8554
16.7989
16.8521
16.7997
16.8334
16.8046
16.8101
16.8105
16.7899
16.8264
16.7717
16.8258
16.7662
16.8142
16.7744
16.7754
16.8009
16.7584
16.8039
16.7512
16.7809
16.7731
16.745
16.7864
16.7314
16.7589
16.7614
16.7282
16.7721
16.7377
16.7326
16.7617
16.7187
16.7323
16.7513
16.7059
16.7264
16.7401
16.6956
16.722
16.7397
16.7031
16.7142
16.7291
16.6945
16.6899
16.7156
16.7025
16.6745
16.6934
16.7055
16.6797
16.6697
16.6874
16.6862
16.6619
16.6551
16.6696
16.6718
16.6493
16.651
16.6591
16.6672
16.6537
16.6341
16.6319
16.6473
16.6505
16.6439
16.6246
16.6128
16.6221
16.623
16.622
16.6191
16.6044
16.5928
16.6005
16.6029
16.5985
16.5999
16.5972
16.5934
16.5857
16.5772
16.573
16.568
16.5678
16.5644
16.5668
16.5653
16.5589
16.5587
16.5557
16.5556
16.5453
16.5473
16.5464
16.541
16.5352