120.444
120.441
120.424
120.369
120.22
119.941
119.499
118.876
118.061
117.047
115.83
114.406
112.795
111.019
109.093
107.024
104.81
102.471
100.03
97.494
94.8793
92.2053
89.485
86.7374
84.0237
81.395
78.8646
76.4917
74.3782
72.5235
70.8734
69.453
68.3015
67.3985
66.6943
66.1491
65.7508
65.4888
65.334
65.2735
65.3015
65.3912
65.5083
65.6512
65.8365
66.0321
66.1988
66.3538
66.5161
66.6954
66.8793
67.0402
67.1694
67.282
67.3696
67.4194
67.4401
67.4512
67.4632
67.4739
67.478
67.4679
67.4459
67.4262
67.4322
67.463
67.4987
67.5363
67.5896
67.65
67.6864
67.6955
67.6898
67.6694
67.6381
67.5982
67.553
67.4969
67.4386
67.3926
67.369
67.3762
67.4121
67.4716
67.5292
67.5765
67.623
67.654
67.6478
67.6297
67.6153
67.6133
67.5994
67.5556
67.5012
67.456
67.418
67.3834
67.3634
67.3814
67.4254
67.4539
67.4575
67.4707
67.4988
67.5281
67.5394
67.547
67.5777
67.5966
67.5794
67.5451
67.5068
67.4741
67.4433
67.4215
67.4184
67.4306
67.4404
67.4334
67.4168
67.4003
67.3848
67.3794
67.3973
67.4192
67.4355
67.4478
67.4414
67.4336
67.4427
67.4557
67.4564
67.4398
67.4138
67.3837
67.3491
67.3039
67.2546
67.2338
67.2508
67.2753
67.2983
67.313
67.316
67.3192
67.3277
67.3262
67.3157
67.309
67.3102
67.2981
67.2706
67.244
67.2303
67.2385
67.2553
67.2662
67.279
67.3007
67.3172
67.3209
67.3268
67.3371
67.3495
67.3584
67.354
67.336
67.311
67.2833
67.2493
67.2241
67.2159
67.2276
67.2555
67.2924
67.324
67.3397
67.3392
67.3326
67.3336
67.3298
67.3201
67.3153
67.2971
67.2564
67.2303
67.2383
67.2616
67.2774
67.2773
67.2725
67.2691
67.2736
67.2856
67.3119
67.3489
67.3882
67.4135
67.4054
67.3889
67.3836
67.3907
67.396
67.383
67.3622
67.3469
67.3473
67.362
67.3896
67.4238
67.4468
67.4555
67.4628
67.475
67.4849
67.4846
67.4649
67.449
67.4598
67.4968
67.5363
67.5568
67.5557
67.5489
67.5464
67.5566
67.5729
67.587
67.6002
67.6356
67.6837
67.7236
67.7258
67.6961
67.674
67.6762
67.6846
67.6834
67.6694
67.6559
67.6631
67.6896
67.7012
67.6947
67.6995
67.7189
67.7354
67.7274
67.7141
67.7018
67.6983
67.6881
67.6451
67.6181
67.631
67.6569
67.6764
67.6665
67.6461
67.6394
67.6245
67.5828
67.5477
67.5503
67.5683
67.5581
67.5321
67.5267
67.5388
67.5446
67.5264
67.5204
67.518
67.4763
67.4204
67.3956
67.3933
67.383
67.3678
67.3827
67.4107
67.4066
67.3785
67.3721
67.3676
67.3275
67.2999
67.3019
67.3027
67.3016
67.3184
67.3464
67.3189
67.2862
67.286
67.2773
67.2617
67.2821
67.3219
67.3191
67.3431
67.3899
67.3777
67.3544
67.35
67.3655
67.3417
67.3605
67.4088
67.4235
67.4832
67.543
67.5353
67.5181
67.5254
67.5148
67.542
67.5924
67.6107
67.6361
67.6618
67.6364
67.6486
67.6847
67.6785
67.703
67.7273
67.7279
67.7509
67.7331
67.696
67.6913
67.6702
67.6732
67.7067
67.7032
67.711
67.6654
67.6237
67.6246
67.5856
67.6009
67.587
67.5361
67.5305
67.4753
67.4721
67.456
67.4462
67.4507
67.41
67.3954
67.3496
67.3333
67.3077
67.3049
67.333
67.3059
67.3103
67.2897
67.3102
67.3162
67.3203
67.3352
67.3196
67.3198
67.342
67.4117
67.4468
67.4622
67.4518
67.4962
67.4837
67.5542
67.5879
67.6311
67.6375
67.6667
67.6655
67.7193
67.7203
67.7417
67.712
67.7318
67.7331
67.7635
67.7156
67.6916
67.6581
67.6621
67.6701
67.6049
67.5619
67.5297
67.524
67.4965
67.4795
67.4273
67.4013
67.3931
67.3857
67.3689
67.3116
67.306
67.3313
67.3414
67.306
67.2921
67.3254
67.3852
67.3913
67.3939
67.3993
67.4715
67.5431
67.5598
67.5532
67.6205
67.6951
67.7171
67.72
67.734
67.7819
67.7881
67.7114
67.6829
67.7099
67.6947
67.6276
67.5662
67.5683
67.542
67.4664
67.4315
67.4378
67.3944
67.3343
67.332
67.3299
67.3315
67.3014
67.3032
67.3663
67.3668
67.3608
67.433
67.503
67.519
67.5678
67.6331
67.6772
67.7124
67.7602
67.7746
67.7312
67.7261
67.7485
67.7124
67.6642
67.6543
67.5712
67.5027
67.4845
67.4224
67.3842
67.3694
67.3707
67.3005
67.2991
67.3379
67.3167
67.3699
67.4257
67.461
67.5421
67.6082
67.6406
67.7183
67.7718
67.7577
67.7906
67.7666
67.7016
67.6874
67.6385
67.5777
67.5523
67.4543
67.4129
67.4024
67.3082
67.3291
67.3258
67.2967
67.3698
67.4146
67.491
67.568
67.596
67.7241
67.7295
67.7687
67.7714
67.7486
67.7445
67.6685
67.6074
67.5469
67.4663
67.4585
67.3562
67.3438
67.3038
67.3448
67.3614
67.3925
67.4886
67.5617
67.6763
67.7138
67.7782
67.7732
67.776
67.7334
67.6845
67.5877
67.5253
67.4577
67.3873
67.3385
67.3167
67.3369
67.3763
67.4484
67.5282
67.6312
67.7179
67.796
67.8092
67.7739
67.7329
67.6527
67.5724
67.4563
67.4153
67.3335
67.3542
67.319
67.3985
67.4548
67.5886
67.6889
67.7515
67.8184
67.7703
67.767
67.6585
67.5627
67.492
67.3963
67.3623
67.323
67.3816
67.4537
67.5452
67.6777
67.7648
67.8114
67.7926
67.7142
67.6153
67.5275
67.414
67.3644
67.3428
67.3538
67.4494
67.5534
67.6729
67.7739
67.8339
67.7583
67.688
67.5815
67.4679
67.3708
67.3462
67.3572
67.4328
67.582
67.7236
67.7865
67.8034
67.7471
67.6519
67.5199
67.426
67.3702
67.3662
67.4419
67.5462
67.7028
67.7849
67.816
67.7265
67.6107
67.4902
67.4002
67.3573
67.3879
67.504
67.6509
67.7841
67.8039
67.7408
67.6238
67.4939
67.3903
67.3773
67.4071
67.5588
67.7203
67.8103
67.7958
67.6913
67.5443
67.4204
67.3533
67.3993
67.5385
67.7131
67.8084
67.7782
67.6702
67.5212
67.4087
67.3797
67.4535
67.6278
67.7979
67.8101
67.7133
67.5629
67.4305
67.366
67.4412
67.6343
67.7975
67.8184
67.7128
67.5496
67.4056
67.377
67.4871
67.6863
67.819
67.7841
67.6323
67.4629
67.3801
67.4391
67.6387
67.8168
67.8157
67.6657
67.4848
67.3928
67.445
67.6397
67.813
67.8055
67.6372
67.4512
67.3858
67.498
67.739
67.8461
67.7386
67.5405
67.4068
67.434
67.6633
67.8294
67.7911
67.5986
67.4208
67.4315
67.6204
67.8284
67.7919
67.5928
67.4292
67.4312
67.6493
67.8405
67.7589
67.5483
67.4098
67.4932
67.7517
67.8415
67.6657
67.4573
67.4297
67.6322
67.8472
67.7512
67.5288
67.4119
67.5616
67.8201
67.7963
67.5639
67.4322
67.5479
67.8017
67.8048
67.5604
67.4231
67.5713
67.8355
67.7791
67.5276
67.4272
67.6395
67.8486
67.6998
67.4718
67.491
67.7656
67.8331
67.5942
67.4396
67.6032
67.8535
67.7088
67.4521
67.5218
67.8129
67.7886
67.5215
67.4779
67.7807
67.8363
67.5456
67.4595
67.7491
67.8409
67.5615
67.4656
67.7549
67.8339
67.5519
67.4723
67.7785
67.8062
67.5083
67.5178
67.8319
67.7429
67.4671
67.6263
67.8759
67.6393
67.4691
67.7632
67.8144
67.4999
67.5797
67.8713
67.6544
67.4691
67.771
67.8077
67.4974
67.6598
67.8698
67.578
67.5441
67.8682
67.6641
67.4966
67.828
67.7378
67.4936
67.7778
67.7868
67.4981
67.7464
67.8181
67.5039
67.7375
67.8134
67.5105
67.7613
67.8091
67.5086
67.786
67.7636
67.5088
67.843
67.6967
67.5445
67.8762
67.612
67.6289
67.8718
67.5402
67.7516
67.7842
67.5315
67.8699
67.6412
67.6533
67.8633
67.5455
67.8378
67.7028
67.6209
67.8809
67.5499
67.837
67.6833
67.6634
67.858
67.5564
67.887
67.6161
67.7724
67.7556
67.632
67.8741
67.566
67.894
67.5982
67.8319
67.6824
67.7418
67.7851
67.6555
67.8519
67.6051
67.8877
67.5867
67.8959
67.603
67.9074
67.6175
67.8828
67.6364
67.8723
67.636
67.8741
67.6369
67.8785
67.6376
67.8993
67.6306
67.9025
67.6288
67.906
67.635
67.8892
67.6714
67.8486
67.7369
67.7791
67.8147
67.6989
67.8882
67.6553
67.9051
67.6908
67.8311
67.8002
67.7264
67.9005
67.6706
67.8794
67.77
67.7545
67.89
67.6837
67.8727
67.8074
67.7118
67.9111
67.7426
67.7831
67.8841
67.7087
67.8368
67.8713
67.7109
67.862
67.8533
67.7191
67.8577
67.871
67.7268
67.8316
67.8879
67.7534
67.7862
67.907
67.8055
67.7518
67.8716
67.8828
67.7758
67.7845
67.893
67.8624
67.7762
67.8047
67.8958
67.8767
67.7993
67.7869
67.8746
67.9045
67.8529
67.8067
67.8229
67.8811
67.8989
67.8666
67.8286
67.8138
67.8629
67.8924
67.9024
67.8798
67.8504
67.8352
67.8532
67.8803
67.899
67.9043
67.9001
67.888
67.8827
67.8717
67.8653
67.8704
67.8746
67.8828
67.8888
67.8958
67.9009
67.8972
67.9035
67.909
67.9064
67.9027
67.9053
67.9085
67.9039
67.9006
67.9052
67.9057
67.9048
67.9043
67.9121
67.911
67.9212
67.9284
67.9371
67.9384
67.9407
67.9407
67.929
67.9184
67.909
67.9095
67.9405
67.9626
67.9713
67.9525
67.9273
67.9237
67.9418
67.9778
67.9879
67.9502
67.9231
67.9566
68.0053
67.9828
67.9263
67.9437
68.0123
67.9846
67.9315
67.9758
68.021
67.9554
67.952
68.0246
67.9661
67.9484
68.0383
67.9692
67.978
68.0479
67.9525
68.0337
68.0151
67.9734
68.056
67.9632
68.0585
67.9787
68.0459
68.0036
68.0289
68.0082
68.0268
68.0184
68.0389
68.0144
68.0624
67.9975
68.085
67.9928
68.074
68.0228
68.0336
68.0768
68.0045
68.0771
68.0581
68.0134
68.087
68.0656
68.0239
68.073
68.085
68.0422
68.0511
68.0994
68.0919
68.0551
68.0635
68.0921
68.1036
68.0879
68.0677
68.068
68.0804
68.1056
68.1246
68.1069
68.1022
68.1021
68.0986
68.1001
68.1072
68.1076
68.1087
68.1147
68.1168
68.1206
68.1245
68.1325
68.1326
68.1277
68.1304
68.1266
68.1306
68.1378
68.1484
68.1609
68.1567
68.1378
68.1297
68.1548
68.1795
68.1629
68.1428
68.1736
68.195
68.1534
68.1627
68.2042
68.1531
68.1774
68.2015
68.1501
68.2128
68.159
68.2057
68.1729
68.1969
68.1866
68.2025
68.1828
68.2177
68.1716
68.2388
68.1886
68.2088
68.2308
68.193
68.2302
68.2421
68.2129
68.2265
68.249
68.2416
68.2262
68.2275
68.2446
68.2541
68.2559
68.2514
68.2503
68.246
68.2538
68.2564
68.2573
68.2627
68.2654
68.2682
68.2739
68.278
68.2779
68.2738
68.2733
68.2715
68.2758
68.2943
68.2889
68.2711
68.2783
68.3079
68.2927
68.2804
68.3186
68.2986
68.296
68.323
68.2857
68.3327
68.289
68.3344
68.2948
68.3343
68.3134
68.3222
68.3405
68.3116
68.3348
68.3494
68.3306
68.3288
68.346
68.356
68.3524
68.3399
68.338
68.3483
68.35
68.3577
68.3594
68.3641
68.3655
68.364
68.3688
68.3693
68.3689
68.3607
68.3586
68.3701
68.373
68.3521
68.3595
68.3855
68.362
68.379
68.3787
68.3732
68.392
68.3757
68.3887
68.3953
68.3727
68.4035
68.389
68.3826
68.3955
68.3994
68.3903
68.3892
68.3932
68.3968
68.4027
68.4004
68.4045
68.4052
68.4055
68.4127
68.4082
68.4067
68.3985
68.3958
68.415
68.4205
68.3986
68.4234
68.4194
68.417
68.4284
68.4134
68.4223
68.4288
68.4192
68.4435
68.4405
68.4359
68.4369
68.4476
68.4519
68.4492
68.4524
68.452
68.4538
68.4499
68.4501
68.4535
68.4653
68.4731
68.4636
68.4578
68.4742
68.4613
68.4644
68.4701
68.4674
68.4695
68.4852
68.4682
68.477
68.4815
68.476
68.4747
68.4787
68.4845
68.4882
68.4895
68.4926
68.4941
68.4906
68.4805
68.4789
68.4916
68.4863
68.4726
68.4871
68.4708
68.4951
68.484
68.4814
68.4976
68.4918
68.4915
68.49
68.489
68.4952
68.4971
68.4955
68.4989
68.4984
68.4932
68.4891
68.5037
68.4924
68.4957
68.4939
68.5037
68.4934
68.5099
68.5173
68.5102
68.5098
68.5142
68.5229
68.5284
68.5312
68.5308
68.5285
68.5225
68.536
68.5276
68.5338
68.5315
68.5388
68.5326
68.5328
68.5409
68.5364
68.5372
68.5387
68.5437
68.5404
68.5326
68.5368
68.5382
68.5267
68.5439
68.5272
68.5407
68.5281
68.5258
68.5312
68.5318
68.5344
68.5349
68.531
68.5364
68.5367
68.5289
68.5388
68.5333
68.5421
68.526
68.5331
68.5377
68.5404
68.5424
68.5477
68.5438
68.5454
68.5515
68.5534
68.5464
68.5587
68.5541
68.5549
68.5534
68.555
68.5558
68.5496
68.5438
68.542
68.5487
68.5405
68.545
68.5474
68.5474
68.5401
68.54
68.5412
68.5443
68.5459
68.5404
68.5319
68.5404
68.53
68.5388
68.5304
68.5344
68.5391
68.5374
68.5427
68.5482
68.5377
68.5339
68.5489
68.5411
68.5434
68.5526
68.5497
68.5461
68.5444
68.5479
68.5482
68.5445
68.551
68.5518
68.548
68.5489
68.5486
68.5459
68.5454
68.5435
68.5509
68.5412
68.5421
68.548
68.5459
68.5494
68.5473
68.5468
68.5426
68.5475
68.5417
68.5448
68.5515
68.5493
68.5458
68.5546
68.5454
68.5488
68.5465
68.5471
68.553
68.5544