1.00E-03
1.98E-03
2.95E-03
3.93E-03
4.91E-03
5.88E-03
6.86E-03
7.84E-03
8.81E-03
9.79E-03
0.0107656
0.0117422
0.0127188
0.0136953
0.0146719
0.0156484
0.016625
0.0176016
0.0185781
0.0195547
0.0205313
0.0215078
0.0224844
0.0234609
0.0244375
0.0254141
0.0263906
0.0273672
0.0293203
0.0302969
0.0312734
0.03225
0.0332266
0.0342031
0.0351797
0.0361562
0.0371328
0.0381094
0.0390859
0.0400625
0.0410391
0.0420156
0.0429922
0.0439687
0.0449453
0.0459219
0.0468984
0.047875
0.0488516
0.0498281
0.0508047
0.0517812
0.0527578
0.0537344
0.0547109
0.0556875
0.0566641
0.0576406
0.0586172
0.0595937
0.0605703
0.0615469
0.0625234
0.0635
0.0644766
0.0654531
0.0664297
0.0674063
0.0683828
0.0693594
0.0713125
0.0722891
0.0732656
0.0742422
0.0752188
0.0761953
0.0771719
0.0781484
0.079125
0.0801016
0.0810781
0.0820547
0.0830313
0.0840078
0.0849844
0.0859609
0.0869375
0.0879141
0.0888906
0.0898672
0.0908438
0.0918203
0.0927969
0.0937734
0.09475
0.0957266
0.0967031
0.0976797
0.0986563
0.0996328
0.100609
0.101586
0.102563
0.103539
0.104516
0.105492
0.106469
0.107445
0.108422
0.109398
0.110375
0.111352
0.113305
0.114281
0.115258
0.116234
0.117211
0.118188
0.119164
0.120141
0.121117
0.122094
0.12307
0.124047
0.125023
0.126
0.126977
0.127953
0.12893
0.129906
0.130883
0.131859
0.132836
0.133813
0.134789
0.135766
0.136742
0.137719
0.138695
0.139672
0.140648
0.141625
0.142602
0.143578
0.144555
0.145531
0.146508
0.147484
0.148461
0.149438
0.150414
0.151391
0.152367
0.15432
0.155297
0.156273
0.15725
0.158227
0.159203
0.16018
0.161156
0.162133
0.163109
0.164086
0.165063
0.166039
0.167016
0.167992
0.168969
0.169945
0.170922
0.171898
0.172875
0.173852
0.174828
0.175805
0.176781
0.177758
0.179711
0.180688
0.181664
0.182641
0.183617
0.18557
0.186547
0.187523
0.1885
0.189477
0.19143
0.192406
0.193383
0.194359
0.195336
0.197289
0.198266
0.199242
0.200219
0.201195
0.203148
0.204125
0.206078
0.207055
0.208031
0.209984
0.210961
0.211938
0.213891
0.214867
0.21682
0.217797
0.218773
0.220727
0.221703
0.22268
0.224633
0.225609
0.227563
0.228539
0.230492
0.231469
0.233422
0.234398
0.236352
0.237328
0.239281
0.240258
0.242211
0.243188
0.245141
0.247094
0.24807
0.250023
0.251
0.252953
0.254906
0.255883
0.257836
0.259789
0.261742
0.262719
0.264672
0.266625
0.267602
0.269555
0.271508
0.273461
0.274437
0.276391
0.278344
0.280297
0.28225
0.283227
0.28518
0.287133
0.289086
0.291039
0.292992
0.294945
0.296898
0.297875
0.299828
0.301781
0.303734
0.305687
0.308617
0.31057
0.312523
0.314477
0.31643
0.318383
0.320336
0.322289
0.324242
0.326195
0.328148
0.330102
0.333031
0.334984
0.336937
0.338891
0.34182
0.343773
0.345727
0.34768
0.349633
0.352562
0.354516
0.357445
0.359398
0.361352
0.364281
0.366234
0.368187
0.371117
0.37307
0.376
0.377953
0.380883
0.382836
0.385766
0.387719
0.390648
0.392602
0.395531
0.398461
0.400414
0.403344
0.406273
0.408227
0.411156
0.414086
0.416039
0.418969
0.421898
0.424828
0.426781
0.429711
0.432641
0.43557
0.4385
0.44143
0.444359
0.447289
0.450219
0.453148
0.456078
0.459008
0.461937
0.464867
0.467797
0.470727
0.473656
0.476586
0.479516
0.483422
0.486352
0.489281
0.492211
0.496117
0.499047
0.501977
0.505883
0.508812
0.512719
0.515648
0.518578
0.522484
0.525414
0.52932
0.53225
0.536156
0.539086
0.542992
0.546898
0.549828
0.553734
0.557641
0.56057
0.564477
0.568383
0.572289
0.575219
0.579125
0.583031
0.586937
0.590844
0.59475
0.598656
0.602562
0.606469
0.610375
0.614281
0.618187
0.622094
0.626977
0.630883
0.634789
0.638695
0.643578
0.647484
0.651391
0.656273
0.66018
0.665062
0.668969
0.672875
0.677758
0.682641
0.686547
0.69143
0.695336
0.700219
0.705102
0.709984
0.713891
0.718773
0.723656
0.728539
0.733422
0.738305
0.742211
0.747094
0.752953
0.757836
0.762719
0.767602
0.772484
0.777367
0.78225
0.788109
0.792992
0.797875
0.803734
0.808617
0.814477
0.819359
0.825219
0.830102
0.835961
0.840844
0.846703
0.852562
0.858422
0.863305
0.869164
0.875023
0.880883
0.886742
0.892602
0.898461
0.90432
0.91018
0.916039
0.921898
0.927758
0.934594
0.940453
0.946312
0.953148
0.959008
0.965844
0.971703
0.978539
0.984398
0.991234
0.99807
1.00491
1.01077
1.0176
1.02444
1.03127
1.03811
1.04495
1.05178
1.05862
1.06545
1.07229
1.0801
1.08694
1.09377
1.10159
1.10842
1.11623
1.12307
1.13088
1.13772
1.14553
1.15334
1.16116
1.16897
1.1758
1.18362
1.19143
1.19924
1.20705
1.21584
1.22366
1.23147
1.23928
1.24807
1.25588
1.26467
1.27248
1.28127
1.29006
1.29788
1.30666
1.31545
1.32424
1.33303
1.34182
1.35061
1.3594
1.36819
1.37795
1.38674
1.39553
1.4053
1.41409
1.42385
1.43264
1.44241
1.45217
1.46194
1.4717
1.48147
1.49123
1.501
1.51077
1.52053
1.5303
1.54104
1.5508
1.56155
1.57131
1.58205
1.5928
1.60354
1.61428
1.62405
1.63479
1.64553
1.65725
1.66799
1.67873
1.69045
1.7012
1.71291
1.72366
1.73538
1.74709
1.75881
1.77053
1.78225
1.79397
1.80569
1.81741
1.8301
1.84182
1.85452
1.86623
1.87893
1.89163
1.90432
1.91702
1.92971
1.94241
1.9551
1.9678
1.98147
1.99416
2.00784
2.02053
2.0342
2.04787
2.06155
2.07522
2.08889
2.10256
2.11623
2.13088
2.14455
2.1592
2.17385
2.18752
2.20217
2.21682
2.23147
2.24612
2.26174
2.27639
2.29104
2.30666
2.32229
2.33791
2.35256
2.36819
2.38479
2.40041
2.41604
2.43264
2.44827
2.46487
2.48147
2.49709
2.5137
2.53127
2.54787
2.56448
2.58205
2.59866
2.61623
2.63381
2.65139
2.66897
2.68655
2.70412
2.7217
2.74026
2.75881
2.77639
2.79495
2.8135
2.83205
2.85159
2.87014
2.88967
2.90823
2.92776
2.94729
2.96682
2.98635
3.00686
3.02639
3.0469
3.06741
3.08694
3.10842
3.12893
3.14944
3.16995
3.19143
3.21291
3.2344
3.25588
3.27737
3.29885
3.32131
3.3428
3.36526
3.38772
3.41018
3.43264
3.45608
3.47854
3.50198
3.52541
3.54787
3.57229
3.59573
3.62014
3.64358
3.66799
3.69241
3.71682
3.74123
3.76662
3.79202
3.81741
3.8428
3.86819
3.89358
3.91995
3.94534
3.9717
3.99807
4.02541
4.05178
4.07912
4.10549
4.13284
4.16018
4.1885
4.21682
4.24416
4.27248
4.3008
4.3301
4.35842
4.38772
4.41702
4.44631
4.47561
4.50588
4.53518
4.56545
4.59573
4.62698
4.65725
4.6885
4.71975
4.751
4.78323
4.81448
4.8467
4.87893
4.91116
4.94436
4.97756
5.01077
5.04397
5.07717
5.11135
5.14553
5.17971
5.21389
5.24905
5.28323
5.31838
5.35452
5.38967
5.4258
5.46194
5.49807
5.53518
5.57229
5.6094
5.64651
5.68362
5.7217
5.75979
5.79787
5.83694
5.876
5.91506
5.95412
5.99416
6.0342
6.07424
6.11526
6.1553
6.19631
6.2383
6.27932
6.32131
6.3633
6.40627
6.44827
6.49123
6.53518
6.57815
6.62209
6.66604
6.71096
6.75491
6.8008
6.84573
6.89162
6.93752
6.98342
7.0303
7.07717
7.12405
7.1719
7.21975
7.2676
7.31643
7.36526
7.41409
7.46389
7.5137
7.5635
7.61428
7.66506
7.71584
7.7676
7.81936
7.87209
7.92385
7.97659
8.0303
8.08401
8.13772
8.19143
8.24612
8.30178
8.35647
8.41213
8.46877
8.52541
8.58206
8.6387
8.69631
8.75491
8.81252
8.87209
8.93069
8.99026
9.05081
9.11038
9.1719
9.23245
9.29397
9.35647
9.41897
9.48147
9.54495
9.60842
9.67288
9.73733
9.80178
9.86721
9.93362
9.99905
10.0664
10.1328
10.2002
10.2686
10.3369
10.4063
10.4756
10.5459
10.6162
10.6865
10.7578
10.8301
10.9014
10.9746
11.0479
11.1221
11.1963
11.2705
11.3457
11.4219
11.4981
11.5742
11.6514
11.7295
11.8076
11.8867
11.9658
12.0459
12.126
12.2071
12.2881
12.3701
12.4531
12.5362
12.6192
12.7041
12.7881
12.874
12.96
13.0459
13.1328
13.2207
13.3086
13.3975
13.4873
13.5772
13.668
13.7588
13.8506
13.9434
14.0362
14.1299
14.2246
14.3194
14.4141
14.5108
14.6074
14.7051
14.8028
14.9024
15.002
15.1016
15.2022
15.3037
15.4063
15.5088
15.6123
15.7168
15.8213
15.9268
16.0332
16.1406
16.2481
16.3565
16.4658
16.5752
16.6865
16.7979
16.9092
17.0225
17.1358
17.25
17.3653
17.4815
17.5977
17.7149
17.834
17.9531
18.0723
18.1934
18.3145
18.4365
18.5596
18.6836
18.8086
18.9336
19.0606
19.1875
19.3155
19.4444
19.5742
19.7051
19.8369
19.9688
20.1026
20.2364
20.3711
20.5069
20.6446
20.7822
20.9209
21.0606
21.2012
21.3428
21.4844
21.628
21.7725
21.918
22.0645
22.211
22.3594
22.5088
22.6592
22.8096
22.9619
23.1153
23.2696
23.4248
23.5811
23.7383
23.8975
24.0567
24.2168
24.3789
24.542
24.7051
24.8701
25.0362
25.2031
25.3721
25.541
25.7119
25.8828
26.0557
26.2295
26.4053
26.5811
26.7588
26.9365
27.1172
27.2979
27.4795
27.6631
27.8477
28.0342
28.2207
28.4092
28.5996
28.7901
28.9824
29.1758
29.3701
29.5664
29.7637
29.9629
30.1621
30.3643
30.5664
30.7705
30.9756
31.1826
31.3906
31.6006
31.8115
32.0235
32.2373
32.4522
32.669
32.8867
33.1065
33.3281
33.5498
33.7744
33.999
34.2266
34.4551
34.6846
34.916
35.1494
35.3838
35.6201
35.8584
36.0977
36.3379
36.5811
36.8252
37.0713
37.3184
37.5674
37.8184
38.0713
38.3252
38.5811
38.8389
39.0977
39.3584
39.6211
39.8858
40.1524
40.4199
40.6905
40.9619
41.2354
41.5108
41.7871
42.0664
42.3467
42.6299
42.9141
43.2012
43.4893
43.7803
44.0723
44.3662
44.6621
44.961
45.2608
45.5625
45.8672
46.1729
46.4815
46.792
47.1045
47.419
47.7354
48.0537
48.375
48.6973
49.0225
49.3496
49.6797
50.0108
50.3447
50.6807
51.0196
51.3604
51.7031
52.0479
52.3955
52.7451
53.0977
53.4522
53.8086
54.168
54.5303
54.8936
55.2608
55.6289
56.001
56.375
56.751
57.1299
57.5117
57.8955
58.2822
58.6709
59.0625
59.4571
59.8535
60.2539
60.6563
61.0606
61.4688
61.8789
62.292
62.708
63.127
63.5479
63.9727
64.3994
64.8291
65.2627
65.6983
66.1367
66.5781
67.0225
67.4707
67.9209
68.374
68.8311
69.2901
69.753
70.2188
70.6875
71.1592
71.6348
72.1133
72.5947
73.0791
73.5664
74.0576
74.5528
75.0508
75.5518
76.0557
76.5635
77.0752
77.5899
78.1074
78.6289
79.1543
79.6826
80.2149
80.75
81.2891
81.8321
82.3789
82.9287
83.4824
84.0401
84.6006
85.166
85.7344
86.3067
86.8828
87.4629
88.0469
88.6348
89.2266
89.8223
90.4219
91.0254
91.6338
92.2451
92.8614
93.4815
94.1055
94.7344
95.3672
96.0039
96.6446
97.2901
97.9395
98.5938
99.252
99.9141
100.582
101.253
101.93
102.609
103.295
103.984
104.679
105.378
106.082
106.79
107.503
108.221
108.943
109.671
110.403
111.141
111.882
112.629
113.381
114.139
114.9
115.668
116.44
117.218
118
118.788
119.581
120.38
121.184
121.993
122.808
123.628
124.453
125.284
126.12
126.963
127.811
128.664
129.523
130.388
131.259
132.135
133.017
133.905
134.799
135.699
136.605
137.518
138.437
139.36
140.291
141.228
142.171
143.12
144.076
145.038
146.006
146.981
147.963
148.95
149.945
150.946
151.954
152.969
153.99
155.019
156.054
157.096
158.145
159.2
160.264
161.334
162.411
163.495
164.587
165.687
166.793
167.906
169.027
170.156
171.292
172.437
173.588
174.747
175.914
177.088
178.271
179.461
180.659
181.866
183.08
184.303
185.533
186.772
188.02
189.275
190.539
191.812
193.092
194.382
195.68
196.986
198.302
199.625
200.958
202.301
203.651
205.011
206.38
207.758
209.146
210.542
211.948
213.363
214.788
216.222
217.666
219.119
220.583
222.056
223.538
225.031
226.533
228.046
229.569
231.102
232.646
234.198
235.763
237.337
238.922
240.517
242.123
243.739
245.367
247.006
248.655
250.315
251.987
253.67
255.363
257.068
258.785
260.514
262.253
264.004
265.767
267.542
269.328
271.127
272.938
274.76
276.595
278.441
280.301
282.173
284.057
285.954
287.863
289.785
291.721
293.669
295.63
297.604
299.591
301.592
303.605
305.633
307.674
309.729
311.797
313.879
315.975
318.085
320.209
322.347
324.499
326.666
328.848
331.044
333.254
335.48
337.72
339.976
342.245
344.531
346.831
349.147
351.479
353.826
356.189
358.567
360.962
363.372
365.799
368.241
370.7
373.176
375.667
378.176
380.701
383.243
385.803
388.379
390.973
393.583
396.212
398.857
401.521
404.202
406.901
409.618
412.354
415.107
417.879
420.67
423.479
426.307
429.153
432.02
434.904
437.809
440.732
443.675
446.638
449.62
452.623
455.646
458.688
461.751
464.835
467.939
471.064
474.209
477.375
480.564
483.772
487.003
490.255
493.529
496.824
500.143
503.482
506.844
510.229
513.636
517.065
520.519
523.994
527.493
531.016
534.562
538.132
541.726
545.343
548.984
552.65
556.341
560.056
563.796
567.561
571.351
575.166
579.007
582.873
586.766
590.684
594.628
598.6