4.90E-04
1.47E-03
2.44E-03
3.42E-03
4.40E-03
5.37E-03
6.35E-03
8.30E-03
9.28E-03
0.0102552
0.0112318
0.0122083
0.0131849
0.0141615
0.015138
0.0161146
0.0170911
0.0180677
0.0190443
0.0200208
0.0209974
0.021974
0.0229505
0.0239271
0.0249036
0.0258802
0.0268568
0.0278333
0.0288099
0.0297865
0.030763
0.0317396
0.0327161
0.0336927
0.0346693
0.0356458
0.0366224
0.037599
0.0385755
0.0395521
0.0405286
0.0415052
0.0424818
0.0434583
0.0444349
0.0454115
0.046388
0.0473646
0.0493177
0.0502943
0.0512708
0.0522474
0.053224
0.0542005
0.0551771
0.0561536
0.0571302
0.0581068
0.0590833
0.0600599
0.0610365
0.062013
0.0629896
0.0639661
0.0649427
0.0659193
0.0668958
0.0678724
0.068849
0.0698255
0.0708021
0.0717786
0.0727552
0.0737318
0.0747083
0.0756849
0.0766615
0.077638
0.0786146
0.0795911
0.0805677
0.0815443
0.0825208
0.0834974
0.084474
0.0854505
0.0864271
0.0874036
0.0883802
0.0893568
0.0913099
0.0922865
0.093263
0.0942396
0.0952161
0.0961927
0.0971693
0.0981458
0.0991224
0.100099
0.101076
0.102052
0.103029
0.104005
0.104982
0.105958
0.106935
0.107911
0.108888
0.109865
0.110841
0.111818
0.112794
0.113771
0.114747
0.115724
0.116701
0.117677
0.118654
0.11963
0.120607
0.121583
0.12256
0.123536
0.124513
0.12549
0.126466
0.127443
0.128419
0.129396
0.130372
0.131349
0.133302
0.134279
0.135255
0.136232
0.137208
0.138185
0.139161
0.140138
0.141115
0.142091
0.143068
0.144044
0.145021
0.145997
0.146974
0.147951
0.148927
0.149904
0.15088
0.151857
0.152833
0.15381
0.154786
0.155763
0.15674
0.157716
0.158693
0.159669
0.160646
0.161622
0.162599
0.163576
0.164552
0.165529
0.166505
0.167482
0.168458
0.169435
0.170411
0.171388
0.172365
0.174318
0.175294
0.176271
0.177247
0.178224
0.179201
0.180177
0.18213
0.183107
0.184083
0.18506
0.186036
0.187013
0.188966
0.189943
0.190919
0.191896
0.192872
0.194826
0.195802
0.196779
0.197755
0.198732
0.200685
0.201661
0.202638
0.204591
0.205568
0.206544
0.208497
0.209474
0.211427
0.212404
0.21338
0.215333
0.21631
0.217286
0.21924
0.220216
0.221193
0.223146
0.224122
0.226076
0.227052
0.229005
0.229982
0.231935
0.232911
0.234865
0.235841
0.237794
0.238771
0.240724
0.241701
0.243654
0.245607
0.246583
0.248536
0.249513
0.251466
0.253419
0.254396
0.256349
0.258302
0.259279
0.261232
0.263185
0.265138
0.266115
0.268068
0.270021
0.270997
0.272951
0.274904
0.27588
0.277833
0.279786
0.28174
0.283693
0.285646
0.287599
0.289552
0.290529
0.292482
0.294435
0.296388
0.298341
0.300294
0.302247
0.304201
0.306154
0.308107
0.31006
0.312013
0.313966
0.315919
0.317872
0.319826
0.321779
0.323732
0.325685
0.328615
0.330568
0.332521
0.334474
0.337404
0.339357
0.34131
0.343263
0.345216
0.348146
0.350099
0.352052
0.354982
0.356935
0.358888
0.361818
0.363771
0.366701
0.368654
0.370607
0.373536
0.37549
0.378419
0.380372
0.383302
0.385255
0.388185
0.390138
0.393068
0.395021
0.397951
0.40088
0.402833
0.405763
0.408693
0.411622
0.413576
0.416505
0.419435
0.421388
0.424318
0.427247
0.430177
0.433107
0.436036
0.438966
0.440919
0.443849
0.446779
0.449708
0.452638
0.455568
0.458497
0.461427
0.464357
0.468263
0.471193
0.474122
0.477052
0.479982
0.482911
0.486818
0.489747
0.492677
0.495607
0.498536
0.502443
0.505372
0.509279
0.512208
0.516115
0.519044
0.521974
0.52588
0.52881
0.532716
0.535646
0.539552
0.543458
0.546388
0.550294
0.553224
0.55713
0.561036
0.564943
0.567872
0.571779
0.575685
0.579591
0.583497
0.587404
0.59131
0.59424
0.598146
0.602052
0.606935
0.610841
0.614747
0.618654
0.62256
0.626466
0.630372
0.635255
0.639161
0.643068
0.646974
0.651857
0.655763
0.660646
0.664552
0.669435
0.673341
0.677247
0.68213
0.687013
0.690919
0.695802
0.699708
0.704591
0.709474
0.714357
0.71924
0.723146
0.728029
0.732911
0.737794
0.742677
0.74756
0.752443
0.757326
0.762208
0.767091
0.772951
0.777833
0.782716
0.787599
0.793458
0.798341
0.803224
0.809083
0.813966
0.819826
0.824708
0.830568
0.835451
0.84131
0.846193
0.852052
0.857911
0.863771
0.86963
0.874513
0.880372
0.886232
0.892091
0.897951
0.90381
0.910646
0.916505
0.922365
0.928224
0.934083
0.940919
0.946779
0.952638
0.959474
0.965333
0.972169
0.978029
0.984865
0.991701
0.99756
1.0044
1.01123
1.01807
1.0249
1.03076
1.0376
1.04443
1.05127
1.05908
1.06592
1.07276
1.07959
1.08643
1.09424
1.10108
1.10889
1.11572
1.12354
1.13037
1.13818
1.14502
1.15283
1.16065
1.16846
1.17627
1.18408
1.1919
1.19971
1.20752
1.21533
1.22315
1.23193
1.23975
1.24756
1.25635
1.26416
1.27295
1.28076
1.28955
1.29834
1.30713
1.31592
1.32373
1.33252
1.34131
1.3501
1.35986
1.36865
1.37744
1.38623
1.396
1.40479
1.41455
1.42334
1.43311
1.44287
1.45166
1.46143
1.47119
1.48096
1.49072
1.50049
1.51026
1.521
1.53076
1.54053
1.55127
1.56104
1.57178
1.58154
1.59229
1.60303
1.61377
1.62451
1.63526
1.646
1.65674
1.66846
1.6792
1.68994
1.70166
1.7124
1.72412
1.73486
1.74658
1.7583
1.77002
1.78174
1.79346
1.80615
1.81787
1.82959
1.84229
1.85401
1.8667
1.87842
1.89111
1.90381
1.91651
1.9292
1.9419
1.95557
1.96826
1.98096
1.99463
2.00733
2.021
2.03467
2.04736
2.06104
2.07471
2.08838
2.10303
2.1167
2.13037
2.14502
2.15869
2.17334
2.18799
2.20264
2.21729
2.23193
2.24658
2.26123
2.27686
2.29151
2.30713
2.32178
2.3374
2.35303
2.36865
2.38428
2.3999
2.41651
2.43213
2.44873
2.46436
2.48096
2.49756
2.51416
2.53076
2.54736
2.56494
2.58154
2.59912
2.61572
2.6333
2.65088
2.66846
2.68604
2.70459
2.72217
2.73975
2.7583
2.77686
2.79541
2.81397
2.83252
2.85108
2.87061
2.88916
2.90869
2.92822
2.94776
2.96729
2.98682
3.00635
3.02686
3.04639
3.0669
3.0874
3.10791
3.12842
3.14893
3.17041
3.19092
3.2124
3.23389
3.25537
3.27686
3.29932
3.3208
3.34326
3.36475
3.38721
3.41065
3.43311
3.45557
3.47901
3.50147
3.5249
3.54834
3.57178
3.59522
3.61963
3.64404
3.66846
3.6919
3.71729
3.7417
3.76709
3.79151
3.8169
3.84229
3.86768
3.89404
3.91943
3.9458
3.97217
3.99854
4.0249
4.05127
4.07861
4.10596
4.1333
4.16065
4.18799
4.21631
4.24463
4.27295
4.30127
4.32959
4.35889
4.38721
4.41651
4.4458
4.47608
4.50537
4.53565
4.56592
4.59619
4.62647
4.65772
4.68897
4.72022
4.75147
4.78272
4.81494
4.84619
4.8794
4.91162
4.94385
4.97705
5.01026
5.04346
5.07764
5.11084
5.14502
5.1792
5.21436
5.24854
5.28369
5.31885
5.35401
5.39014
5.42627
5.4624
5.49854
5.53467
5.57178
5.60889
5.646
5.68408
5.72217
5.76026
5.79834
5.8374
5.87647
5.91553
5.95459
5.99463
6.03369
6.07471
6.11475
6.15576
6.19678
6.23779
6.27979
6.32178
6.36377
6.40576
6.44873
6.4917
6.53467
6.57861
6.62256
6.66651
6.71045
6.75537
6.80029
6.84522
6.89111
6.93701
6.98389
7.02979
7.07666
7.12451
7.17139
7.21924
7.26807
7.31592
7.36475
7.41455
7.46338
7.51319
7.56397
7.61377
7.66455
7.71631
7.76807
7.81983
7.87158
7.92432
7.97705
8.02979
8.0835
8.13721
8.1919
8.24658
8.30127
8.35693
8.4126
8.46826
8.5249
8.58154
8.63916
8.69678
8.7544
8.81299
8.87158
8.93115
8.99072
9.05029
9.11084
9.17139
9.23291
9.29443
9.35596
9.41846
9.48193
9.54443
9.60791
9.67236
9.73682
9.80225
9.86768
9.93311
9.99951
10.0659
10.1333
10.2007
10.269
10.3374
10.4058
10.4761
10.5454
10.6157
10.687
10.7583
10.8296
10.9019
10.9751
11.0474
11.1216
11.1958
11.271
11.3462
11.4214
11.4976
11.5747
11.6519
11.73
11.8081
11.8862
11.9663
12.0454
12.1265
12.2065
12.2886
12.3706
12.4526
12.5356
12.6196
12.7036
12.7886
12.8735
12.9595
13.0464
13.1333
13.2202
13.3091
13.398
13.4868
13.5776
13.6675
13.7593
13.8511
13.9429
14.0366
14.1294
14.2241
14.3188
14.4146
14.5103
14.6079
14.7046
14.8032
14.9019
15.0015
15.1021
15.2026
15.3042
15.4058
15.5093
15.6128
15.7163
15.8218
15.9272
16.0337
16.1401
16.2485
16.3569
16.4653
16.5757
16.686
16.7974
16.9097
17.022
17.1362
17.2505
17.3657
17.481
17.5981
17.7153
17.8335
17.9526
18.0728
18.1929
18.314
18.437
18.5601
18.6841
18.8081
18.9341
19.0601
19.188
19.3159
19.4448
19.5747
19.7046
19.8364
19.9692
20.1021
20.2368
20.3716
20.5073
20.644
20.7817
20.9204
21.0601
21.2007
21.3423
21.4849
21.6284
21.772
21.9175
22.064
22.2114
22.3599
22.5083
22.6587
22.8101
22.9624
23.1157
23.27
23.4253
23.5815
23.7388
23.897
24.0571
24.2173
24.3784
24.5415
24.7056
24.8706
25.0366
25.2036
25.3716
25.5405
25.7114
25.8833
26.0562
26.23
26.4048
26.5806
26.7583
26.937
27.1167
27.2974
27.48
27.6636
27.8481
28.0337
28.2212
28.4097
28.5991
28.7896
28.9819
29.1753
29.3706
29.5669
29.7642
29.9624
30.1626
30.3638
30.5669
30.77
30.9761
31.1821
31.3911
31.6001
31.811
32.0239
32.2368
32.4526
32.6694
32.8872
33.1069
33.3276
33.5503
33.7739
33.9995
34.2261
34.4546
34.6851
34.9165
35.1489
35.3843
35.6206
35.8579
36.0972
36.3384
36.5806
36.8247
37.0708
37.3188
37.5679
37.8188
38.0708
38.3247
38.5806
38.8384
39.0981
39.3589
39.6216
39.8862
40.1519
40.4204
40.6899
40.9614
41.2349
41.5103
41.7876
42.0659
42.3472
42.6304
42.9146
43.2007
43.4897
43.7798
44.0718
44.3657
44.6626
44.9604
45.2603
45.563
45.8667
46.1733
46.4819
46.7915
47.104
47.4185
47.7349
48.0542
48.3745
48.6978
49.0229
49.3501
49.6792
50.0112
50.3452
50.6812
51.019
51.3599
51.7026
52.0483
52.396
52.7456
53.0981
53.4526
53.8091
54.1685
54.5298
54.894
55.2603
55.6294
56.0005
56.3745
56.7515
57.1304
57.5112
57.895
58.2817
58.6714
59.063
59.4565
59.854
60.2534
60.6558
61.061
61.4683
61.8794
62.2925
62.7085
63.1265
63.5483
63.9722
64.3999
64.8296
65.2622
65.6978
66.1362
66.5786
67.0229
67.4702
67.9204
68.3745
68.8306
69.2905
69.7534
70.2192
70.688
71.1597
71.6343
72.1128
72.5942
73.0786
73.5669
74.0581
74.5522
75.0503
75.5513
76.0562
76.564
77.0747
77.5894
78.1079
78.6294
79.1538
79.6831
80.2144
80.7505
81.2896
81.8325
82.3784
82.9282
83.4819
84.0396
84.6011
85.1655
85.7339
86.3071
86.8833
87.4634
88.0474
88.6353
89.2271
89.8228
90.4224
91.0259
91.6333
92.2456
92.8618
93.4819
94.106
94.7339
95.3667
96.0034
96.644
97.2896
97.9399
98.5933
99.2515
99.9146
100.582
101.253
101.929
102.61
103.295
103.985
104.679
105.378
106.082
106.79
107.503
108.221
108.944
109.67
110.403
111.14
111.882
112.629
113.381
114.138
114.901
115.667
116.44
117.217
118
118.789
119.582
120.379
121.184
121.993
122.807
123.627
124.453
125.284
126.121
126.962
127.81
128.664
129.523
130.388
131.258
132.135
133.017
133.905
134.799
135.7
136.606
137.518
138.436
139.361
140.292
141.228
142.17
143.121
144.076
145.038
146.006
146.981
147.962
148.951
149.945
150.947
151.955
152.969
153.991
155.019
156.053
157.095
158.145
159.201
160.263
161.333
162.411
163.496
164.587
165.686
166.792
167.907
169.028
170.156
171.292
172.436
173.587
174.747
175.914
177.088
178.271
179.461
180.66
181.866
183.081
184.303
185.534
186.773
188.02
189.275
190.539
191.811
193.092
194.381
195.679
196.986
198.301
199.625
200.958
202.3
203.651
205.011
206.38
207.758
209.145
210.542
211.948
213.363
214.788
216.222
217.666
219.12
220.583
222.055
223.539
225.031
226.534
228.046
229.569
231.102
232.645
234.199
235.762
237.336
238.921
240.517
242.123
243.74
245.368
247.005
248.655
250.316
251.987
253.669
255.364
257.069
258.786
260.513
262.253
264.004
265.767
267.542
269.329
271.126
272.937
274.76
276.594
278.442
280.301
282.172
284.057
285.954
287.864
289.786
291.72
293.668
295.629
297.604
299.591
301.591
303.606
305.633
307.674
309.728
311.796
313.878
315.975
318.084
320.208
322.347
324.5
326.667
328.848
331.043
333.254
335.48
337.72
339.975
342.246
344.531
346.832
349.148
351.479
353.826
356.189
358.567
360.961
363.373
365.798
368.241
370.7
373.175
375.667
378.176
380.702
383.244
385.803
388.379
390.972
393.583
396.211
398.858
401.521
404.203
406.901
409.619
412.354
415.107
417.879
420.669
423.479
426.307
429.154
432.019
434.904
437.808
440.732
443.675
446.638
449.621
452.623
455.645
458.688
461.751
464.834
467.939
471.063
474.208
477.375
480.563
483.772
487.003
490.255
493.529
496.825
500.142
503.482
506.844
510.229
513.636
517.066
520.519
523.995
527.494
531.016
534.562
538.131
541.725
545.342
548.984
552.65
556.341
560.056
563.795
567.561
571.351
575.167
579.007
582.874
586.766
590.684
594.628
598.599