0.01
0.013070919
0.017084892
0.022331524
0.029189354
0.038153169
0.049869698
0.065184278
0.085201841
0.111366636
0.145566428
0.190268698
0.248698674
0.325072021
0.424899005
0.555382047
0.725935373
0.948864244
1.240252765
1.62112434
2.11895849
2.769673472
3.620217754
4.731957293
6.185103035
8.084498061
10.56718191
13.81227785
18.05391646
23.59812792
30.8449218
40.31714735
52.69821662
68.88141195
90.03433543
117.6831503
153.8226922
201.0603946
262.8044127
343.5095184
448.9985081
586.8823118
767.1091144
1002.682108
1310.597659
1713.07158
2239.141982
2926.764341
3825.549956
5000.34535