120.716
120.717
120.704
120.653
120.501
120.203
119.739
119.085
118.23
117.179
115.932
114.484
112.845
111.034
109.067
106.951
104.703
102.34
99.8778
97.3224
94.6896
92.0047
89.2832
86.5288
83.7573
80.9819
78.1973
75.4009
72.6074
69.8061
66.9698
64.1006
61.2106
58.2921
55.3146
52.2406
49.0401
45.7066
42.2979
38.9331
35.721
32.7511
30.087
27.7436
25.7095
24.0108
22.6349
21.5488
20.7097
20.0983
19.7159
19.5298
19.4793
19.5383
19.7091
19.9546
20.2322
20.5093
20.7685
21.0116
21.2435
21.4363
21.5644
21.6757
21.8047
21.924
22.0281
22.1408
22.2747
22.4264
22.5731
22.6938
22.794
22.8803
22.956
23.0324
23.1109
23.1744
23.2356
23.3171
23.4016
23.4772
23.5298
23.5499
23.5563
23.5608
23.5721
23.5904
23.6096
23.6263
23.6446
23.6533
23.6526
23.6589
23.668
23.6879
23.7341
23.7948
23.84
23.8679
23.8874
23.8836
23.8721
23.8699
23.8811
23.9005
23.9245
23.9477
23.9701
23.9887
24.0049
24.0326
24.058
24.084
24.1248
24.167
24.2067
24.2309
24.2319
24.2175
24.1935
24.1637
24.1425
24.1332
24.1285
24.125
24.1243
24.1304
24.1407
24.1571
24.1836
24.2153
24.2492
24.2847
24.3164
24.3459
24.3621
24.3609
24.3447
24.3259
24.315
24.3047
24.2995
24.2959
24.295
24.2967
24.3033
24.3111
24.3179
24.3248
24.3341
24.3477
24.3588
24.3685
24.3778
24.3891
24.4045
24.4196
24.4295
24.4382
24.4426
24.4466
24.4453
24.4374
24.4277
24.4126
24.3946
24.3772
24.3685
24.3743
24.3931
24.4117
24.4354
24.4618
24.4835
24.5032
24.5234
24.5362
24.5327
24.5169
24.4976
24.4775
24.4557
24.4417
24.4411
24.4404
24.4472
24.4581
24.4691
24.4805
24.4887
24.494
24.4934
24.4801
24.4581
24.435
24.4304
24.4378
24.4576
24.4856
24.5043
24.5215
24.5268
24.5198
24.5132
24.5186
24.5159
24.5064
24.4977
24.4903
24.5003
24.5027
24.4974
24.4884
24.4785
24.4731
24.4857
24.512
24.5423
24.5588
24.5592
24.558
24.5591
24.5399
24.5
24.4647
24.4509
24.4591
24.4776
24.4983
24.5141
24.54
24.5507
24.5488
24.5392
24.5177
24.4988
24.4973
24.4992
24.5084
24.5106
24.5085
24.5103
24.5231
24.5234
24.518
24.5197
24.5194
24.5132
24.4925
24.4688
24.4723
24.4752
24.4846
24.487
24.4886
24.4966
24.511
24.5121
24.5148
24.5206
24.5203
24.514
24.5104
24.5007
24.4901
24.4795
24.4677
24.4541
24.4695
24.4828
24.4864
24.4973
24.5118
24.5117
24.5021
24.4787
24.4658
24.4569
24.4535
24.4566
24.4675
24.4828
24.4719
24.4549
24.4438
24.4483
24.4378
24.4212
24.4276
24.4383
24.4471
24.4549
24.4782
24.4797
24.456
24.4503
24.4348
24.4299
24.4437
24.4575
24.465
24.4596
24.4721
24.4745
24.4552
24.4516
24.422
24.4022
24.4235
24.4541
24.4519
24.4691
24.4624
24.4353
24.4288
24.4114
24.3817
24.378
24.3995
24.4061
24.427
24.4157
24.3913
24.387
24.3737
24.3788
24.3915
24.404
24.4084
24.4018
24.3857
24.358
24.348
24.3476
24.3804
24.403
24.3872
24.3771
24.3513
24.3228
24.3184
24.3364
24.3915
24.3999
24.3788
24.3463
24.3248
24.3304
24.3337
24.3574
24.3532
24.3298
24.3195
24.2914
24.2786
24.2821
24.3209
24.3202
24.2968
24.282
24.2537
24.2842
24.3002
24.3047
24.2814
24.2812
24.2721
24.2755
24.3131
24.3227
24.3091
24.2845
24.2806
24.2775
24.2862
24.2922
24.3005
24.2453
24.2461
24.2706
24.2875
24.2667
24.2337
24.2048
24.2092
24.2378
24.2305
24.223
24.2083
24.2124
24.1987
24.2184
24.2222
24.2064
24.1837
24.1887
24.2327
24.2076
24.1925
24.1826
24.2143
24.2227
24.1911
24.1818
24.1853
24.1988
24.1937
24.1732
24.1712
24.1642
24.175
24.1745
24.1501
24.1454
24.183
24.1632
24.1234
24.1313
24.1495
24.1667
24.1359
24.1121
24.1396
24.1251
24.1199
24.102
24.1042
24.1281
24.0982
24.0882
24.0997
24.103
24.0734
24.0545
24.0916
24.1155
24.087
24.0536
24.0732
24.0953
24.0634
24.0337
24.0703
24.0574
24.0333
24.0552
24.0744
24.0294
24.0086
24.0405
24.0511
24.0226
23.9889
24.0403
24.0102
23.9764
24.0017
23.9915
23.9551
23.9995
23.9704
23.9542
23.9455
23.9862
23.9801
23.9255
23.9685
23.9309
23.9326
23.9763
23.9287
23.9176
23.9574
23.9316
23.9108
23.9348
23.9132
23.8861
23.9044
23.8854
23.8836
23.898
23.8603
23.8591
23.884
23.858
23.8711
23.8517
23.8334
23.8708
23.8506
23.8257
23.8537
23.8137
23.8352
23.8247
23.8115
23.8144
23.7608
23.7969
23.7948
23.755
23.7799
23.7386
23.7813
23.7457
23.7461
23.7565
23.7314
23.7499
23.7429
23.7336
23.7258
23.71
23.7355
23.7048
23.7152
23.6625
23.6821
23.6866
23.6828
23.6914
23.6826
23.6667
23.6634
23.673
23.6451
23.6678
23.6335
23.661
23.6306
23.6498
23.618
23.6282
23.6035
23.6372
23.5767
23.622
23.5935
23.6215
23.5982
23.6098
23.5936
23.5953
23.5901
23.5769
23.564
23.5625
23.575
23.5415
23.571
23.5593
23.568
23.5586
23.546
23.5839
23.5328
23.5598
23.5533
23.5388
23.5546
23.5242
23.5496
23.543
23.5337
23.5437
23.5164
23.5379
23.5368
23.545
23.5552
23.5505
23.5381
23.5477
23.5262
23.5155
23.5558
23.5578
23.5498
23.5631
23.5694
23.5517
23.5697
23.5417
23.5592
23.5528
23.5715
23.5589
23.5543
23.573
23.5865
23.5559
23.5761
23.5731
23.5699
23.555
23.5788
23.5788
23.5718
23.5614
23.578
23.5753
23.5768
23.5749
23.5627
23.5679
23.5662
23.5641
23.5651
23.5583
23.5485
23.5546
23.5521
23.5439
23.5345
23.5406
23.5321
23.5348
23.5251
23.5144
23.5135
23.5142
23.5025
23.4992
23.4944
23.4883
23.4773
23.4558
23.457
23.4547
23.4514
23.439
23.4226
23.4207
23.4027
23.3932
23.3839
23.3941
23.3915
23.3781
23.3624
23.3669
23.3613
23.3493
23.3451
23.3332
23.3375
23.3311
23.3258
23.3252
23.3191
23.3173
23.3091
23.3153
23.3055
23.3134
23.3211
23.3089
23.3165
23.3018
23.3181
23.3204
23.3271
23.3278
23.3386
23.3297
23.3475
23.3386
23.3529
23.3525
23.3513
23.3765
23.3722
23.3817
23.3934
23.4049
23.4063
23.3958
23.4132
23.4108
23.4168
23.4209
23.415
23.4212
23.427
23.4184
23.4144
23.407
23.4067
23.4079
23.3996
23.3988
23.3918
23.3837
23.3837
23.364
23.363
23.3447
23.3488
23.3251
23.3277
23.3027
23.305
23.2941
23.2886
23.2794
23.2567
23.2636
23.2459
23.2541
23.2462
23.2213
23.2351
23.2386
23.2281
23.2241
23.2328
23.2333
23.2426
23.2446
23.2462
23.2617
23.2671
23.278
23.2789
23.2898
23.3025
23.3137
23.3253
23.3297
23.336
23.3479
23.3525
23.3546
23.3679
23.3748
23.3719
23.3581
23.3604
23.3693
23.3545
23.3438
23.3306
23.3303
23.311
23.2983
23.2861
23.2745
23.2541
23.2484
23.2364
23.2276
23.2111
23.2116
23.2007
23.2013
23.1983
23.1936
23.1901
23.1957
23.1984
23.1931
23.2076
23.2292
23.2403
23.2496
23.2696
23.2739
23.2903
23.3064
23.3157
23.3315
23.3362
23.3432
23.3336
23.3258
23.3131
23.3194
23.308
23.2981
23.2926
23.274
23.2547
23.2309
23.2251
23.2102
23.186
23.1906
23.1762
23.1734
23.1625
23.1688
23.1754
23.1879
23.1919
23.1979
23.2004
23.2289
23.2439
23.2691
23.2874
23.2914
23.3118
23.313
23.3236
23.3134
23.3096
23.3101
23.2913
23.2868
23.2629
23.2432
23.2276
23.201
23.1934
23.1751
23.1684
23.1676
23.157
23.168
23.1655
23.1733
23.1894
23.2102
23.2319
23.2472
23.2767
23.2836
23.3056
23.2965
23.3005
23.2988
23.2848
23.2771
23.2545
23.2356
23.2151
23.1954
23.175
23.1626
23.1599
23.1521
23.1511
23.1561
23.1823
23.193
23.2114
23.2407
23.2574
23.2814
23.3031
23.3084
23.2933
23.2985
23.2702
23.2614
23.2237
23.2031
23.1817
23.1592
23.1525
23.1431
23.1492
23.1541
23.1808
23.1991
23.2235
23.2555
23.2665
23.2896
23.2902
23.284
23.2831
23.2548
23.2218
23.2055
23.174
23.1591
23.1468
23.1507
23.1541
23.1662
23.1918
23.2198
23.2488
23.2687
23.2867
23.2981
23.2861
23.2633
23.2346
23.2013
23.1811
23.1538
23.1414
23.1377
23.1568
23.1761
23.2059
23.2358
23.261
23.2866
23.2932
23.2857
23.2658
23.2299
23.1942
23.1687
23.1521
23.1439
23.1516
23.1719
23.2035
23.238
23.2735
23.2888
23.2963
23.2734
23.2433
23.2118
23.1746
23.1513
23.1484
23.1492
23.1688
23.2126
23.2505
23.2835
23.304
23.2897
23.2657
23.2169
23.1855
23.157
23.1458
23.1526
23.1788
23.2176
23.2591
23.2887
23.3018
23.278
23.2412
23.1998
23.1689
23.1562
23.1605
23.1842
23.2243
23.2742
23.3023
23.2972
23.2712
23.2323
23.178
23.1567
23.1557
23.1783
23.2172
23.261
23.2977
23.2961
23.2592
23.2096
23.1683
23.1464
23.1556
23.1914
23.239
23.2805
23.2975
23.2719
23.2298
23.1786
23.1513
23.1531
23.1863
23.2441
23.2862
23.2983
23.268
23.2138
23.1655
23.1507
23.1648
23.2097
23.2703
23.2986
23.2785
23.2328
23.1732
23.1498
23.1693
23.2178
23.2721
23.3031
23.2759
23.2202
23.1682
23.1567
23.1848
23.2431
23.29
23.2928
23.243
23.1816
23.1554
23.1724
23.2265
23.2909
23.3009
23.2814
23.2161
23.162
23.1815
23.2393
23.2963
23.3032
23.2431
23.1791
23.1608
23.2036
23.2659
23.3058
23.2791
23.2073
23.1639
23.1817
23.2466
23.3039
23.2891
23.2252
23.1698
23.1791
23.2441
23.3042
23.2985
23.2234
23.172
23.1906
23.2604
23.3098
23.2788
23.2031
23.1706
23.2099
23.2892
23.3022
23.241
23.1775
23.1849
23.2623
23.3167
23.2751
23.1929
23.1819
23.2515
23.3139
23.2872
23.203
23.176
23.2416
23.3142
23.2883
23.2021
23.1855
23.2541
23.3164
23.2726
23.1933
23.1934
23.2788
23.3195
23.2427
23.1783
23.2226
23.3063
23.2892
23.2059
23.1956
23.2824
23.3243
23.243
23.1883
23.2564
23.3308
23.2723
23.1934
23.2354
23.3288
23.2928
23.2013
23.2293
23.3206
23.2875
23.1982
23.223
23.3216
23.282
23.1951
23.2384
23.3278
23.2694
23.2019
23.2713
23.3378
23.2489
23.2085
23.3055
23.3127
23.2128
23.2397
23.3353
23.2669
23.2025
23.2959
23.3157
23.2101
23.2439
23.3378
23.2531
23.2111
23.316
23.2885
23.2036
23.285
23.3201
23.2113
23.259
23.3349
23.2257
23.2475
23.3436
23.2491
23.2443
23.3435
23.2468
23.2389
23.3408
23.265
23.2531
23.343
23.2418
23.2558
23.3394
23.227
23.2743
23.3272
23.2144
23.3062
23.3025
23.2189
23.3288
23.2617
23.244
23.3373
23.2299
23.2951
23.3088
23.2247
23.3435
23.2551
23.2769
23.3304
23.2305
23.3413
23.2595
23.282
23.3266
23.2341
23.3466
23.2467
23.3078
23.2994
23.2543
23.3405
23.2357
23.3415
23.2495
23.3138
23.2844
23.2792
23.318
23.2482
23.3372
23.2312
23.3388
23.2355
23.329
23.2495
23.3211
23.2622
23.3105
23.273
23.3015
23.2854
23.2983
23.2873
23.2951
23.2881
23.3027
23.2876
23.3094
23.2774
23.3105
23.264
23.3262
23.2679
23.3371
23.2457
23.3317
23.2521
23.3243
23.2744
23.3074
23.3007
23.2703
23.3284
23.2535
23.3332
23.2698
23.3089
23.3047
23.2674
23.3412
23.2688
23.3188
23.3084
23.2689
23.3314
23.2682
23.3001
23.3238
23.2609
23.3252
23.3081
23.2683
23.3334
23.2954
23.2715
23.3299
23.2902
23.2806
23.33
23.2925
23.2754
23.3235
23.3041
23.2703
23.3103
23.3224
23.2831
23.2886
23.3202
23.3075
23.2759
23.3042
23.3204
23.2902
23.2754
23.303
23.3178
23.2989
23.2789
23.2995
23.3171
23.3074
23.2827
23.2784
23.303
23.3148
23.3054
23.2883
23.2872
23.2981
23.3094
23.3143
23.3067
23.2941
23.2864
23.2879
23.3005
23.3072
23.3141
23.3068
23.3011
23.3011
23.2957
23.294
23.295
23.3082
23.299
23.3011
23.3056
23.3043
23.3064
23.3023
23.3042
23.3031
23.3001
23.3032
23.3029
23.3029
23.3024
23.3036
23.3018
23.2964
23.2985
23.2991
23.3001
23.3
23.3003
23.3039
23.3051
23.3062
23.306
23.3058
23.3031
23.2973
23.295
23.298
23.2964
23.3006
23.3102
23.3087
23.2996
23.2884
23.2832
23.3026
23.31
23.3025
23.2879
23.284
23.3036
23.3143
23.2958
23.2829
23.3085
23.3155
23.2971
23.2969
23.3201
23.3039
23.2835
23.316
23.3104
23.2845
23.3135
23.3056
23.2903
23.3306
23.2955
23.3045
23.3198
23.2898
23.3211
23.2927
23.3166
23.3046
23.3049
23.3118
23.2973
23.3126
23.2981
23.3126
23.2988
23.308
23.3065
23.3024
23.3139
23.2977
23.3273
23.2978
23.3149
23.316
23.2971
23.3227
23.311
23.3008
23.3249
23.3086
23.3012
23.3184
23.3158
23.3022
23.3152
23.3259
23.318
23.306
23.308
23.3183
23.3201
23.3125
23.3028
23.3045
23.3157
23.3215
23.3163
23.3138
23.3123
23.3111
23.3196
23.3191
23.3175
23.3177
23.3106
23.3117
23.3143