6.36175
6.32302
6.28293
6.24204
6.1994
6.15568
6.11159
6.0658
6.01897
5.9699
5.91945
5.86897
5.81316
5.75877
5.70473
5.64385
5.58488
5.5251
5.45884
5.39117
5.32455
5.25096
5.18249
5.09731
5.00824
4.93082
4.84506
4.7439
4.64066
4.54298
4.44505
4.33858
4.21906
4.0875
3.94895
3.8083
3.66818
3.52966
3.39402
3.26263
3.13661
3.01876
2.91119
2.81845
2.74514
2.69651
2.67815
2.69558
2.74968
2.83825
2.95585
3.09684
3.25564
3.42572
3.59802
3.7625
3.91113
4.05293
4.20329
4.35592
4.48801
4.60977
4.74314
4.86697
4.98771
5.10265
5.20861
5.31723
5.4217
5.51743
5.61253
5.70367
5.78759
5.86988
5.94703
6.01878
6.08769
6.15121
6.21265
6.26914
6.32251
6.37316
6.41957
6.46372
6.50462
6.54356
6.58004
6.61365
6.64543
6.67557
6.70347
6.72982
6.75415
6.77687
6.79875
6.81884
6.83715
6.85477
6.87032
6.88486
6.89806
6.90978
6.92011
6.92951
6.93831
6.94534
6.95131
6.95647
6.95976
6.96237
6.96375
6.96355
6.96328
6.96183
6.95871
6.95498
6.9502
6.94449
6.93813
6.93052
6.92186
6.91245
6.90187
6.8904
6.87777
6.86453
6.85034
6.83481
6.81877
6.80127
6.78282
6.76349
6.74275
6.72143
6.69901
6.67562
6.65146
6.62617
6.60049
6.57313
6.54511
6.51684
6.48715
6.45586
6.42432
6.39194
6.35812
6.3233
6.28753
6.25125
6.21328
6.17504
6.13515
6.09391
6.05328
6.01048
5.96723
5.92138
5.87521
5.82756
5.77934
5.7309
5.67803
5.62593
5.5722
5.51334
5.45488
5.39814
5.33144
5.26958
5.20255
5.13646
5.06611
4.98073
4.90203
4.82785
4.73926
4.64118
4.54825
4.46007
4.364
4.25127
4.12439
3.99096
3.85654
3.72279
3.58981
3.45832
3.32797
3.2002
3.07605
2.95866
2.85198
2.76068
2.68929
2.643
2.62825
2.64959
2.70806
2.80214
2.92535
3.07005
3.22827
3.39078
3.54853
3.69794
3.84174
3.98905
4.14417
4.29058
4.41457
4.54
4.67132
4.78802
4.90776
5.01414
5.11952
5.22219
5.32287
5.4123
5.5024
5.58926
5.66799
5.74635
5.81896
5.888
5.9534
6.0137
6.07119
6.1254
6.17665
6.22511
6.2699
6.31288
6.35269
6.38996
6.42558