23.5264
22.1395
17.8633
16.4724
21.8531
27.587
27.5592
21.2377
11.7802
10.9808
20.7771
27.1392
28.3291
23.6313
14.8882
5.88689
17.8973
25.4677
28.5937
25.6907
17.8999
7.61144
14.7476
23.3117
28.1331
27.2446
20.7446
11.2148
11.2845
20.8504
27.0756
28.1311
23.2626
14.421
6.23231
18.1203
25.5365
28.4148
25.3438
17.4787
7.09941
15.0428
23.5061
28.125
26.951
20.3194
10.776
11.657
21.0731
27.1738
27.9985
22.9018
14.0121
6.82344
18.3779
25.6558
28.4076
25.093
17.0803
6.63725
15.3409
23.6681
28.0947
26.7818
19.9858
10.3536
12.0522
21.337
27.2377
27.8189
22.5852
13.6152
7.50642
18.675
25.8623
28.3214
24.7889
16.6947
6.0988
15.6846
23.8991
28.1731
26.5508
19.6093
9.92192
12.4281
21.5483
27.3226
27.7448
22.2753
13.2398
8.10268
18.9593
25.9539
28.2623
24.5473
16.3282
5.75795
16.0278
24.1119
28.1286
26.3454
19.285
9.52423
12.8202
21.86
27.4349
27.5591
21.9394
12.843
8.73383
19.2418
26.1556
28.2225
24.269
15.9633
5.44656
16.3397
24.3079
28.1956
26.1624
18.9386
9.08953
13.1993
22.0788
27.4928
27.4399
21.662
12.4722
9.3337
19.5568
26.2885
28.1201
24.005
15.6013
5.17936
16.7055
24.5395
28.1767
25.9111
18.5711
8.67066
13.5573
22.3583
27.627
27.2968
21.3018
12.088
9.84788
19.8142
26.4362