6.85E-04
1.66E-03
2.64E-03
3.61E-03
4.59E-03
5.57E-03
6.54E-03
7.52E-03
8.50E-03
9.47E-03
0.0104505
0.0114271
0.0124036
0.0133802
0.0143568
0.0163099
0.0172865
0.018263
0.0192396
0.0202161
0.0211927
0.0221693
0.0231458
0.0241224
0.025099
0.0260755
0.0270521
0.0280286
0.0290052
0.0299818
0.0309583
0.0319349
0.0329115
0.033888
0.0348646
0.0358411
0.0368177
0.0377943
0.0387708
0.0397474
0.040724
0.0417005
0.0426771
0.0436536
0.0446302
0.0456068
0.0465833
0.0475599
0.0485365
0.049513
0.0504896
0.0514661
0.0524427
0.0534193
0.0543958
0.0553724
0.056349
0.0583021
0.0592786
0.0602552
0.0612318
0.0622083
0.0631849
0.0641615
0.065138
0.0661146
0.0670911
0.0680677
0.0690443
0.0700208
0.0709974
0.071974
0.0729505
0.0739271
0.0749036
0.0758802
0.0768568
0.0778333
0.0788099
0.0797865
0.080763
0.0817396
0.0827161
0.0836927
0.0846693
0.0856458
0.0866224
0.087599
0.0885755
0.0895521
0.0905286
0.0915052
0.0924818
0.0934583
0.0944349
0.0954115
0.096388
0.0973646
0.0993177
0.100294
0.101271
0.102247
0.103224
0.104201
0.105177
0.106154
0.10713
0.108107
0.109083
0.11006
0.111036
0.112013
0.11299
0.113966
0.114943
0.115919
0.116896
0.117872
0.118849
0.119826
0.120802
0.121779
0.122755
0.123732
0.124708
0.125685
0.126661
0.127638
0.128615
0.129591
0.130568
0.131544
0.132521
0.133497
0.134474
0.135451
0.136427
0.137404
0.13838
0.139357
0.14131
0.142286
0.143263
0.14424
0.145216
0.146193
0.147169
0.148146
0.149122
0.150099
0.151076
0.152052
0.153029
0.154005
0.154982
0.155958
0.156935
0.157911
0.158888
0.159865
0.160841
0.161818
0.162794
0.163771
0.164747
0.165724
0.166701
0.167677
0.168654
0.16963
0.170607
0.171583
0.17256
0.173536
0.174513
0.17549
0.177443
0.178419
0.179396
0.180372
0.181349
0.183302
0.184279
0.185255
0.186232
0.187208
0.188185
0.190138
0.191115
0.192091
0.193068
0.194044
0.195997
0.196974
0.197951
0.198927
0.199904
0.201857
0.202833
0.204786
0.205763
0.20674
0.208693
0.209669
0.210646
0.212599
0.213576
0.214552
0.216505
0.217482
0.219435
0.220411
0.221388
0.223341
0.224318
0.225294
0.227247
0.228224
0.230177
0.23213
0.233107
0.23506
0.236036
0.23799
0.238966
0.240919
0.241896
0.243849
0.244826
0.246779
0.247755
0.249708
0.251661
0.252638
0.254591
0.256544
0.257521
0.259474
0.261427
0.26338
0.264357
0.26631
0.268263
0.26924
0.271193
0.273146
0.275099
0.276076
0.278029
0.279982
0.281935
0.283888
0.285841
0.287794
0.288771
0.290724
0.292677
0.29463
0.296583
0.298536
0.30049
0.302443
0.304396
0.306349
0.308302
0.310255
0.312208
0.314161
0.316115
0.318068
0.320021
0.321974
0.323927
0.32588
0.32881
0.330763
0.332716
0.334669
0.336622
0.339552
0.341505
0.343458
0.345411
0.347365
0.350294
0.352247
0.354201
0.35713
0.359083
0.362013
0.363966
0.365919
0.368849
0.370802
0.373732
0.375685
0.377638
0.380568
0.382521
0.385451
0.38838
0.390333
0.393263
0.395216
0.398146
0.400099
0.403029
0.405958
0.408888
0.410841
0.413771
0.416701
0.41963
0.421583
0.424513
0.427443
0.430372
0.433302
0.435255
0.438185
0.441115
0.444044
0.446974
0.449904
0.452833
0.455763
0.458693
0.461622
0.464552
0.467482
0.470411
0.474318
0.477247
0.480177
0.483107
0.486036
0.489943
0.492872
0.495802
0.498732
0.502638
0.505568
0.509474
0.512404
0.515333
0.51924
0.522169
0.526076
0.529005
0.532911
0.535841
0.539747
0.542677
0.546583
0.549513
0.553419
0.557326
0.561232
0.565138
0.568068
0.571974
0.57588
0.579786
0.582716
0.586622
0.590529
0.594435
0.598341
0.602247
0.606154
0.61006
0.614943
0.618849
0.622755
0.626661
0.630568
0.634474
0.639357
0.643263
0.647169
0.652052
0.655958
0.659865
0.664747
0.668654
0.673536
0.677443
0.682326
0.686232
0.691115
0.695997
0.699904
0.704786
0.709669
0.714552
0.718458
0.723341
0.728224
0.733107
0.73799
0.742872
0.747755
0.752638
0.757521
0.762404
0.767286
0.772169
0.777052
0.782911
0.787794
0.792677
0.798536
0.803419
0.809279
0.814161
0.819044
0.824904
0.829786
0.835646
0.841505
0.846388
0.852247
0.858107
0.863966
0.868849
0.874708
0.880568
0.886427
0.892286
0.898146
0.904005
0.909865
0.915724
0.92256
0.928419
0.934279
0.940138
0.946974
0.952833
0.959669
0.965529
0.972365
0.978224
0.98506
0.990919
0.997755
1.00459
1.01143
1.01826
1.02412
1.03096
1.03779
1.04463
1.05147
1.0583
1.06611
1.07295
1.07979
1.08662
1.09443
1.10127
1.10811
1.11592
1.12276
1.13057
1.13838
1.14522
1.15303
1.16084
1.16865
1.17647
1.18428
1.19209
1.1999
1.20772
1.21553
1.22334
1.23115
1.23994
1.24776
1.25654
1.26436
1.27315
1.28096
1.28975
1.29854
1.30635
1.31514
1.32393
1.33272
1.34151
1.35029
1.35908
1.36885
1.37764
1.38643
1.39522
1.40498
1.41475
1.42354
1.4333
1.44209
1.45186
1.46162
1.47139
1.48115
1.49092
1.50068
1.51045
1.52022
1.53096
1.54072
1.55147
1.56123
1.57197
1.58174
1.59248
1.60322
1.61397
1.62471
1.63545
1.64619
1.65693
1.66768
1.6794
1.69014
1.70088
1.7126
1.72432
1.73506
1.74678
1.7585
1.77022
1.78193
1.79365
1.80537
1.81807
1.82979
1.84151
1.8542
1.8669
1.87861
1.89131
1.90401
1.9167
1.9294
1.94209
1.95479
1.96846
1.98115
1.99385
2.00752
2.02119
2.03389
2.04756
2.06123
2.0749
2.08858
2.10225
2.1169
2.13057
2.14522
2.15889
2.17354
2.18818
2.20186
2.21748
2.23213
2.24678
2.26143
2.27608
2.2917
2.30635
2.32197
2.3376
2.35322
2.36885
2.38447
2.4001
2.41572
2.43233
2.44795
2.46455
2.48115
2.49776
2.51436
2.53096
2.54756
2.56514
2.58174
2.59932
2.61592
2.6335
2.65108
2.66865
2.68623
2.70381
2.72236
2.73994
2.7585
2.77705
2.79561
2.81416
2.83272
2.85127
2.8708
2.88936
2.90889
2.92842
2.94697
2.96748
2.98701
3.00654
3.02705
3.04658
3.06709
3.0876
3.10811
3.12861
3.14912
3.17061
3.19111
3.2126
3.23408
3.25557
3.27705
3.29854
3.321
3.34248
3.36494
3.3874
3.40986
3.4333
3.45576
3.47822
3.50166
3.5251
3.54854
3.57197
3.59541
3.61983
3.64326
3.66768
3.69209
3.71748
3.7419
3.76631
3.7917
3.81709
3.84248
3.86787
3.89326
3.91963
3.946
3.97236
3.99873
4.0251
4.05147
4.07881
4.10615
4.13252
4.16084
4.18818
4.21651
4.24385
4.27315
4.30147
4.32979
4.35811
4.3874
4.4167
4.446
4.47627
4.50557
4.53584
4.56611
4.59639
4.62666
4.65791
4.68818
4.71943
4.75068
4.78291
4.81514
4.84639
4.87861
4.91182
4.94404
4.97725
5.01045
5.04365
5.07686
5.11104
5.14522
5.1794
5.21358
5.24873
5.28389
5.31904
5.3542
5.38936
5.42549
5.46162
5.49873
5.53486
5.57197
5.60908
5.64619
5.68428
5.72139
5.76045
5.79854
5.83662
5.87568
5.91475
5.95479
5.99385
6.03389
6.07393
6.11494
6.15596
6.19697
6.23799
6.27998
6.321
6.36397
6.40596
6.44893
6.4919
6.53486
6.57881
6.62178
6.6667
6.71065
6.75557
6.80049
6.84541
6.89131
6.93721
6.98408
7.02998
7.07686
7.12373
7.17158
7.21943
7.26729
7.31611
7.36494
7.41377
7.46358
7.51338
7.56318
7.61397
7.66475
7.71651
7.76729
7.81904
7.87178
7.92451
7.97725
8.02998
8.08369
8.1374
8.19209
8.24678
8.30147
8.35713
8.41279
8.46846
8.5251
8.58174
8.63936
8.69697
8.75459
8.81318
8.87178
8.93037
8.98994
9.05049
9.11104
9.17158
9.23311
9.29463
9.35615
9.41865
9.48115
9.54463
9.60811
9.67256
9.73701
9.80147
9.8669
9.9333
9.99971
10.0661
10.1335
10.2009
10.2692
10.3376
10.406
10.4753
10.5456
10.6159
10.6862
10.7575
10.8298
10.9021
10.9743
11.0476
11.1218
11.196
11.2702
11.3454
11.4216
11.4978
11.5749
11.6521
11.7292
11.8083
11.8864
11.9655
12.0456
12.1257
12.2067
12.2888
12.3708
12.4528
12.5358
12.6198
12.7038
12.7888
12.8737
12.9597
13.0466
13.1335
13.2204
13.3093
13.3981
13.487
13.5769
13.6677
13.7585
13.8503
13.9431
14.0358
14.1296
14.2243
14.319
14.4147
14.5105
14.6071
14.7048
14.8034
14.9021
15.0017
15.1013
15.2028
15.3044
15.406
15.5095
15.612
15.7165
15.822
15.9274
16.0339
16.1403
16.2478
16.3562
16.4655
16.5759
16.6862
16.7976
16.9099
17.0222
17.1364
17.2507
17.3649
17.4812
17.5983
17.7155
17.8337
17.9528
18.072
18.1931
18.3142
18.4362
18.5593
18.6833
18.8083
18.9343
19.0603
19.1872
19.3161
19.445
19.5739
19.7048
19.8366
19.9685
20.1022
20.236
20.3718
20.5075
20.6442
20.7819
20.9206
21.0603
21.2009
21.3425
21.4851
21.6276
21.7722
21.9177
22.0642
22.2116
22.3591
22.5085
22.6589
22.8103
22.9626
23.1149
23.2692
23.4245
23.5817
23.739
23.8972
24.0563
24.2175
24.3786
24.5417
24.7058
24.8708
25.0368
25.2038
25.3718
25.5407
25.7116
25.8825
26.0554
26.2292
26.405
26.5808
26.7585
26.9372
27.1169
27.2976
27.4802
27.6638
27.8483
28.0339
28.2214
28.4099
28.5993
28.7897
28.9821
29.1755
29.3708
29.5661
29.7634
29.9626
30.1628
30.364
30.5661
30.7702
30.9763
31.1823
31.3903
31.6003
31.8112
32.0231
32.237
32.4519
32.6687
32.8874
33.1071
33.3278
33.5495
33.7741
33.9997
34.2263
34.4548
34.6843
34.9167
35.1491
35.3845
35.6208
35.8581
36.0974
36.3386
36.5808
36.8249
37.071
37.3181
37.5681
37.8181
38.071
38.3249
38.5808
38.8386
39.0974
39.3591
39.6218
39.8864
40.1521
40.4206
40.6901
40.9616
41.2351
41.5105
41.7878
42.0661
42.3474
42.6296
42.9147
43.2009
43.4899
43.78
44.072
44.3659
44.6628
44.9606
45.2605
45.5632
45.8669
46.1735
46.4812
46.7917
47.1042
47.4187
47.7351
48.0544
48.3747
48.698
49.0231
49.3503
49.6794
50.0114
50.3454
50.6814
51.0192
51.3601
51.7028
52.0485
52.3952
52.7458
53.0974
53.4519
53.8093
54.1687
54.53
54.8942
55.2605
55.6296
56.0007
56.3747
56.7507
57.1296
57.5114
57.8952
58.2819
58.6706
59.0622
59.4567
59.8542
60.2536
60.656
61.0612
61.4685
61.8786
62.2917
62.7077
63.1267
63.5485
63.9724
64.3991
64.8298
65.2624
65.698
66.1364
66.5788
67.0231
67.4704
67.9206
68.3747
68.8308
69.2907
69.7526
70.2185
70.6872
71.1599
71.6345
72.113
72.5944
73.0788
73.5671
74.0583
74.5524
75.0505
75.5515
76.0564
76.5642
77.0749
77.5896
78.1081
78.6296
79.154
79.6823
80.2146
80.7507
81.2897
81.8317
82.3786
82.9284
83.4821
84.0397
84.6013
85.1657
85.7341
86.3064
86.8825
87.4626
88.0466
88.6345
89.2263
89.823
90.4226
91.0261
91.6335
92.2458
92.861
93.4812
94.1062
94.7341
95.3669
96.0036
96.6442
97.2897
97.9392
98.5935
99.2517
99.9147
100.582
101.254
101.929
102.61
103.295
103.985
104.679
105.378
106.082
106.79
107.503
108.22
108.943
109.671
110.403
111.14
111.883
112.63
113.382
114.138
114.901
115.668
116.44
117.217
118.001
118.788
119.582
120.38
121.183
121.993
122.807
123.628
124.453
125.284
126.121
126.963
127.81
128.664
129.523
130.387
131.258
132.134
133.017
133.905
134.8
135.7
136.606
137.518
138.436
139.36
140.291
141.228
142.171
143.12
144.076
145.038
146.007
146.981
147.963
148.951
149.945
150.946
151.955
152.969
153.99
155.018
156.053
157.095
158.144
159.201
160.263
161.334
162.411
163.496
164.588
165.686
166.793
167.906
169.027
170.156
171.293
172.436
173.588
174.747
175.914
177.089
178.271
179.462
180.66
181.866
183.081
184.302
185.534
186.772
188.019
189.275
190.539
191.811
193.092
194.382
195.679
196.986
198.301
199.626
200.959
202.3
203.651
205.011
206.38
207.758
209.145
210.542
211.948
213.363
214.788
216.222
217.666
219.12
220.583
222.055
223.539
225.031
226.534
228.047
229.569
231.102
232.645
234.199
235.762
237.337
238.922
240.517
242.123
243.74
245.367
247.006
248.655
250.315
251.987
253.67
255.364
257.069
258.785
260.513
262.253
264.005
265.767
267.542
269.329
271.127
272.937
274.76
276.594
278.442
280.301
282.173
284.057
285.954
287.863
289.786
291.72
293.669
295.63
297.604
299.591
301.591
303.605
305.633
307.674
309.728
311.797
313.879
315.974
318.085
320.209
322.347
324.5
326.667
328.847
331.044
333.255
335.479
337.72
339.975
342.246
344.531
346.832
349.147
351.479
353.826
356.189
358.567
360.962
363.372
365.799
368.241
370.7
373.175
375.668
378.176
380.702
383.244
385.802
388.379
390.972
393.584
396.212
398.857
401.521
404.202
406.901
409.619
412.354
415.107
417.88
420.67
423.479
426.306
429.153
432.019
434.904
437.808
440.732
443.674
446.637
449.621
452.623
455.645
458.688
461.751
464.835
467.938
471.063
474.209
477.376
480.563
483.772
487.003
490.255
493.529
496.825
500.142
503.482
506.844
510.228
513.635
517.066
520.518
523.995
527.494
531.016
534.562
538.132
541.725
545.342
548.984
552.65
556.341
560.055
563.796
567.56
571.351
575.166
579.007
582.874
586.765
590.684
594.629
598.599