1.05E-03
2.03E-03
3.00E-03
3.98E-03
4.96E-03
5.93E-03
6.91E-03
7.89E-03
8.86E-03
9.84E-03
0.0108151
0.0117917
0.0127682
0.0137448
0.0147214
0.0156979
0.0166745
0.017651
0.0186276
0.0196042
0.021069
0.0220456
0.0230221
0.0239987
0.0249753
0.0259518
0.0269284
0.0279049
0.0288815
0.0298581
0.0308346
0.0318112
0.0327878
0.0337643
0.0347409
0.0357174
0.036694
0.0376706
0.0386471
0.0396237
0.0406003
0.0420651
0.0430417
0.0440182
0.0449948
0.0459714
0.0469479
0.0479245
0.048901
0.0498776
0.0508542
0.0518307
0.0528073
0.0537839
0.0547604
0.055737
0.0567135
0.0576901
0.0586667
0.0596432
0.0606198
0.0615964
0.0630612
0.0640378
0.0650143
0.0659909
0.0669675
0.067944
0.0689206
0.0698971
0.0708737
0.0718503
0.0728268
0.0738034
0.07478
0.0757565
0.0767331
0.0777096
0.0786862
0.0796628
0.0806393
0.0816159
0.0825925
0.0840573
0.0850339
0.0860104
0.086987
0.0879635
0.0889401
0.0899167
0.0908932
0.0918698
0.0928464
0.0938229
0.0947995
0.095776
0.0967526
0.0977292
0.0987057
0.0996823
0.100659
0.101635
0.102612
0.104077
0.105053
0.10603
0.107007
0.107983
0.10896
0.109936
0.110913
0.111889
0.112866
0.113842
0.114819
0.115796
0.116772
0.117749
0.118725
0.119702
0.120678
0.121655
0.122632
0.123608
0.125073
0.126049
0.127026
0.128003
0.128979
0.129956
0.130932
0.131909
0.132885
0.133862
0.134839
0.135815
0.136792
0.137768
0.138745
0.139721
0.140698
0.141674
0.142651
0.143628
0.144604
0.146069
0.147046
0.148022
0.148999
0.149975
0.150952
0.151928
0.152905
0.153882
0.154858
0.155835
0.156811
0.157788
0.158764
0.159741
0.160717
0.161694
0.162671
0.163647
0.164624
0.1656
0.167065
0.168042
0.169018
0.169995
0.170971
0.171948
0.172924
0.173901
0.174878
0.175854
0.176831
0.178296
0.179272
0.180737
0.181714
0.18269
0.184155
0.185132
0.186108
0.187573
0.188549
0.190014
0.190991
0.191967
0.193432
0.194409
0.195874
0.19685
0.197827
0.199292
0.200268
0.201733
0.203198
0.204174
0.205639
0.207104
0.208569
0.209546
0.21101
0.212475
0.213452
0.214917
0.216382
0.217846
0.218823
0.220288
0.221753
0.223217
0.224194
0.225659
0.227124
0.228589
0.230053
0.231518
0.232983
0.234448
0.236401
0.237866
0.239331
0.240796
0.24226
0.243725
0.24519
0.246655
0.24812
0.249585
0.251538
0.253003
0.254467
0.256421
0.257885
0.259839
0.261303
0.262768
0.264721
0.266186
0.268139
0.269604
0.271557
0.273022
0.274487
0.27644
0.278393
0.279858
0.281811
0.283764
0.285717
0.287182
0.289135
0.291089
0.293042
0.294507
0.29646
0.298413
0.300366
0.302319
0.304272
0.306225
0.308178
0.310132
0.312085
0.314038
0.315991
0.317944
0.320385
0.322339
0.324292
0.326245
0.328198
0.330639
0.332592
0.335034
0.336987
0.33894
0.341382
0.343335
0.345776
0.347729
0.350171
0.352124
0.354565
0.357007
0.359448
0.361889
0.363842
0.366284
0.368725
0.371167
0.37312
0.375561
0.378003
0.380444
0.382885
0.385327
0.387768
0.390698
0.393139
0.395581
0.398022
0.400464
0.403393
0.405835
0.408276
0.411206
0.413647
0.416577
0.419018
0.421948
0.424389
0.427319
0.42976
0.43269
0.43562
0.438549
0.441479
0.444409
0.44685
0.44978
0.45271
0.455639
0.459057
0.461987
0.464917
0.467846
0.470776
0.473706
0.476635
0.480053
0.482983
0.486401
0.489331
0.492749
0.495678
0.499096
0.502514
0.505444
0.508862
0.51228
0.515698
0.519116
0.522534
0.525464
0.528881
0.532299
0.536206
0.539624
0.543042
0.54646
0.549878
0.553784
0.557202
0.561108
0.564526
0.568432
0.57185
0.575756
0.579174
0.583081
0.586987
0.590893
0.594799
0.598706
0.602612
0.606518
0.610424
0.614331
0.618725
0.622631
0.626538
0.630444
0.634839
0.639233
0.643139
0.647534
0.65144
0.655835
0.660229
0.664624
0.669018
0.673413
0.677807
0.682202
0.686596
0.690991
0.695874
0.700268
0.704663
0.709546
0.71394
0.718823
0.723706
0.7281
0.732983
0.737866
0.742749
0.747631
0.752514
0.757397
0.76228
0.767651
0.772534
0.777417
0.782788
0.787671
0.793042
0.797924
0.803296
0.808667
0.814038
0.819409
0.82478
0.830151
0.835522
0.841381
0.846753
0.852124
0.857983
0.863842
0.869214
0.875073
0.880444
0.886303
0.892163
0.898022
0.90437
0.910229
0.916089
0.921948
0.928296
0.934155
0.940503
0.94685
0.953198
0.959546
0.965893
0.972241
0.9781
0.984936
0.991284
0.997631
1.00447
1.0113
1.01765
1.02449
1.03132
1.03816
1.04499
1.05183
1.05867
1.0655
1.07283
1.07966
1.08699
1.09382
1.10115
1.10847
1.1158
1.12312
1.13044
1.13777
1.14558
1.15339
1.16072
1.16853
1.17634
1.18367
1.19148
1.19929
1.20759
1.2154
1.22371
1.23152
1.23982
1.24763
1.25593
1.26472
1.27302
1.28132
1.28962
1.29792
1.30671
1.3155
1.32429
1.33259
1.34187
1.35066
1.35945
1.36873
1.37751
1.3863
1.39558
1.40486
1.41414
1.4239
1.43318
1.44246
1.45222
1.4615
1.47126
1.48103
1.4908
1.50056
1.51082
1.52058
1.53083
1.5406
1.55085
1.56111
1.57185
1.5821
1.59236
1.6031
1.61384
1.62458
1.63533
1.64607
1.65681
1.66804
1.67878
1.69001
1.70124
1.71248
1.72419
1.73542
1.74665
1.75837
1.77009
1.78181
1.79353
1.80574
1.81746
1.82966
1.84187
1.85408
1.86628
1.87898
1.89119
1.90388
1.91658
1.92927
1.94197
1.95515
1.96833
1.98103
1.99421
2.00789
2.02107
2.03425
2.04792
2.0616
2.07527
2.08894
2.10261
2.11677
2.13044
2.1446
2.15925
2.17341
2.18806
2.20222
2.21687
2.23152
2.24665
2.2613
2.27644
2.29158
2.30671
2.32234
2.33748
2.3531
2.36873
2.38435
2.39998
2.41609
2.4322
2.44832
2.46443
2.48103
2.49763
2.51423
2.53083
2.54744
2.56453
2.58162
2.59871
2.61628
2.63337
2.65095
2.66853
2.68611
2.70417
2.72224
2.74031
2.75837
2.77693
2.79499
2.81404
2.83259
2.85115
2.87019
2.88923
2.90876
2.92781
2.94734
2.96687
2.98689
3.00691
3.02644
3.04646
3.06697
3.08748
3.10798
3.12849
3.14949
3.17048
3.19148
3.21248
3.23396
3.25544
3.27693
3.2989
3.32087
3.34285
3.36531
3.38728
3.41023
3.43269
3.45564
3.47859
3.50154
3.52498
3.54841
3.57185
3.59578
3.6197
3.64363
3.66804
3.69246
3.71687
3.74177
3.76667
3.79158
3.81697
3.84236
3.86824
3.89363
3.91951
3.94587
3.97224
3.99812
4.02498
4.05183
4.07869
4.10554
4.13289
4.16072
4.18855
4.21638
4.24421
4.27253
4.30085
4.32966
4.35847
4.38728
4.41707
4.44636
4.47566
4.50544
4.53572
4.56599
4.59626
4.62703
4.6573
4.68855
4.7198
4.75105
4.78279
4.81453
4.84675
4.87898
4.91169
4.94441
4.97712
5.01033
5.04353
5.07722
5.1114
5.14509
5.17927
5.21394
5.24861
5.28376
5.31892
5.35408
5.38972
5.42585
5.46199
5.49812
5.53523
5.57185
5.60896
5.64656
5.68415
5.72175
5.75984
5.79841
5.83699
5.87605
5.91511
5.95466
5.99421
6.03425
6.07429
6.11482
6.15535
6.19636
6.23787
6.27937
6.32136
6.36335
6.40583
6.44832
6.49128
6.53474
6.5782
6.62214
6.66658
6.71052
6.75544
6.80037
6.84578
6.89119
6.93757
6.98347
7.03035
7.07722
7.1241
7.17146
7.21931
7.26765
7.31599
7.36482
7.41414
7.46345
7.51326
7.56355
7.61433
7.66511
7.71638
7.76765
7.81941
7.87165
7.92439
7.97712
8.03035
8.08357
8.13728
8.19148
8.24617
8.30134
8.35652
8.41218
8.46833
8.52497
8.58162
8.63923
8.69636
8.75447
8.81306
8.87165
8.93074
8.99031
9.05037
9.11042
9.17146
9.23249
9.29402
9.35603
9.41853
9.48152
9.54451
9.60847
9.67244
9.73689
9.80183
9.86726
9.93318
9.9991
10.066
10.1334
10.2008
10.2686
10.3375
10.4063
10.4757
10.5455
10.6158
10.6866
10.7579
10.8297
10.9019
10.9747
11.0479
11.1217
11.1959
11.2706
11.3458
11.4215
11.4976
11.5748
11.6519
11.7296
11.8077
11.8868
11.9659
12.0455
12.126
12.2071
12.2886
12.3702
12.4527
12.5362
12.6197
12.7037
12.7886
12.8736
12.9595
13.046
13.1334
13.2208
13.3087
13.3975
13.4874
13.5772
13.6676
13.7589
13.8507
13.9429
14.0362
14.13
14.2242
14.3189
14.4146
14.5108
14.6075
14.7052
14.8033
14.9019
15.0015
15.1016
15.2027
15.3038
15.4063
15.5089
15.6124
15.7169
15.8214
15.9273
16.0333
16.1407
16.2481
16.3565
16.4659
16.5753
16.6861
16.7974
16.9097
17.0225
17.1358
17.2506
17.3653
17.4815
17.5982
17.7154
17.8336
17.9527
18.0723
18.1929
18.3145
18.4366
18.5596
18.6837
18.8082
18.9342
19.0601
19.1876
19.3155
19.4449
19.5743
19.7052
19.8365
19.9688
20.1021
20.2364
20.3712
20.5074
20.6441
20.7818
20.9205
21.0601
21.2008
21.3424
21.4844
21.628
21.7725
21.9176
22.064
22.2115
22.3594
22.5089
22.6588
22.8101
22.962
23.1153
23.2696
23.4249
23.5811
23.7388
23.897
24.0567
24.2174
24.379
24.5416
24.7056
24.8702
25.0362
25.2037
25.3717
25.5411
25.7115
25.8829
26.0557
26.2296
26.4049
26.5811
26.7584
26.9371
27.1168
27.2979
27.4801
27.6636
27.8482
28.0338
28.2213
28.4097
28.5992
28.7901
28.982
29.1759
29.3707
29.5665
29.7637
29.9625
30.1627
30.3638
30.5665
30.7706
30.9757
31.1827
31.3907
31.6002
31.8111
32.0235
32.2374
32.4522
32.669
32.8868
33.1065
33.3277
33.5499
33.774
33.9991
34.2261
34.4547
34.6846
34.9166
35.1495
35.3839
35.6202
35.858
36.0972
36.3385
36.5811
36.8253
37.0709
37.3184
37.5675
37.8184
38.0709
38.3253
38.5811
38.8385
39.0977
39.3585
39.6217
39.8858
40.1519
40.4205
40.69
40.9615
41.2349
41.5103
41.7877
42.0665
42.3472
42.63
42.9146
43.2008
43.4893
43.7799
44.0718
44.3663
44.6622
44.9605
45.2608
45.5631
45.8668
46.1729
46.4815
46.7921
47.1041
47.4185
47.7354
48.0538
48.3746
48.6978
49.0225
49.3502
49.6793
50.0108
50.3448
50.6812
51.0191
51.3599
51.7032
52.0479
52.3956
52.7457
53.0977
53.4522
53.8092
54.168
54.5299
54.8941
55.2603
55.6295
56.001
56.3746
56.751
57.13
57.5113
57.8951
58.2818
58.671
59.0626
59.4571
59.8541
60.2535
60.6558
61.0611
61.4688
61.879
62.2921
62.7081
63.127
63.5479
63.9727
64.3995
64.8297
65.2623
65.6978
66.1368
66.5782
67.023
67.4703
67.921
68.3741
68.8306
69.2901
69.753
70.2188
70.6876
71.1597
71.6348
72.1129
72.5943
73.0792
73.567
74.0582
74.5523
75.0504
75.5513
76.0562
76.564
77.0748
77.5894
78.1075
78.629
79.1544
79.6827
80.2144
80.7506
81.2896
81.8321
82.3785
82.9283
83.482
84.0396
84.6007
85.1656
85.734
86.3067
86.8829
87.463
88.047
88.6348
89.2266
89.8223
90.422
91.026
91.6339
92.2457
92.8614
93.4815
94.106
94.734
95.3668
96.0035
96.6446
97.2896
97.9395
98.5933
99.252
99.9146
100.582
101.253
101.929
102.61
103.295
103.984
104.679
105.378
106.082
106.79
107.503
108.221
108.943
109.671
110.403
111.14
111.882
112.629
113.381
114.138
114.9
115.668
116.44
117.218
118.001
118.788
119.581
120.38
121.184
121.993
122.808
123.628
124.453
125.284
126.121
126.962
127.81
128.664
129.523
130.388
131.258
132.135
133.017
133.905
134.799
135.699
136.606
137.518
138.436
139.36
140.291
141.228
142.171
143.12
144.076
145.038
146.006
146.981
147.962
148.951
149.945
150.946
151.954
152.969
153.99
155.019
156.054
157.096
158.145
159.201
160.264
161.334
162.411
163.496
164.587
165.686
166.793
167.906
169.027
170.156
171.293
172.436
173.588
174.747
175.914
177.088
178.271
179.462
180.66
181.866
183.08
184.303
185.533
186.773
188.02
189.275
190.539
191.811
193.092
194.381
195.679
196.986
198.301
199.626
200.959
202.3
203.651
205.011
206.38
207.758
209.146
210.542
211.948
213.363
214.788
216.222
217.666
219.12
220.583
222.056
223.538
225.031
226.534
228.046
229.569
231.102
232.645
234.199
235.762
237.337
238.921
240.517
242.123
243.74
245.367
247.005
248.655
250.316
251.987
253.67
255.363
257.068
258.785
260.513
262.253
264.004
265.767
267.542
269.328
271.127
272.938
274.76
276.595
278.441
280.301
282.173
284.057
285.954
287.863
289.786
291.721
293.669
295.629
297.604
299.591
301.591
303.606
305.633
307.674
309.728
311.796
313.878
315.975
318.085
320.209
322.347
324.5
326.667
328.848
331.044
333.254
335.48
337.72
339.975
342.245
344.531
346.832
349.148
351.479
353.826
356.189
358.567
360.962
363.372
365.798
368.241
370.7
373.176
375.668
378.176
380.702
383.244
385.803
388.379
390.973
393.584
396.211
398.857
401.521
404.202
406.901
409.619
412.354
415.107
417.879
420.669
423.479
426.307
429.153
432.019
434.904
437.808
440.732
443.675
446.638
449.62
452.623
455.645
458.688
461.751
464.835
467.939
471.063
474.209
477.376
480.564
483.773
487.003
490.255
493.529
496.824
500.142
503.482
506.844
510.229
513.636
517.066
520.519
523.995
527.494
531.016
534.562
538.132
541.725
545.343
548.984
552.65
556.341
560.056
563.796
567.561
571.351
575.166
579.007
582.874
586.766
590.684
594.628
598.599