0.041612
0.0836042
0.125596
0.167589
0.209581
0.251573
0.293565
0.335557
0.377549
0.419542
0.460557
0.502549
0.544542
0.586534
0.628526
0.670518
0.71251
0.754503
0.796495
0.838487
0.880479
0.921495
0.963487
1.00548
1.04747
1.08946
1.13146
1.17345
1.21544
1.25743
1.29942
1.34044
1.38243
1.42442
1.46642
1.50841
1.5504
1.59239
1.63439
1.67638
1.71739
1.75939
1.80138
1.84337
1.88536
1.92735
1.96935
2.01134
2.05333
2.09532
2.13732
2.17931
2.22032
2.26232
2.30431
2.3463
2.38829
2.43028
2.47228
2.51427
2.55626
2.59728
2.63927
2.68126
2.72325
2.76524
2.80724
2.84923
2.89122
2.93321
2.97521
3.01622
3.05821
3.10021
3.1422
3.18419
3.22618
3.26817
3.31017
3.35216
3.39415
3.43614
3.47716
3.51915
3.56114
3.60314
3.64513
3.68712
3.72911
3.7711
3.8131
3.85509
3.8961
3.9381
3.98009
4.02208
4.06407
4.10607
4.14806
4.19005
4.23204
4.27403
4.31505
4.35704
4.39903
4.44103
4.48302
4.52501
4.567
4.60899
4.65099
4.69298
4.73497
4.77599
4.81798
4.85997
4.90196
4.94396
4.98595
5.02794
5.06993
5.11192
5.15392
5.19493
5.23692
5.27892
5.32091
5.3629
5.40489
5.44689
5.48888
5.53087
5.57189
5.61388
5.65587
5.69786
5.73985
5.78185
5.82384
5.86583
5.90782
5.94982
5.99181
6.0338
6.07482
6.11681
6.1588
6.20079
6.24278
6.28478
6.32677
6.36876
6.41075
6.45177
6.49376
6.53575
6.57774
6.61974
6.66173
6.70372
6.74571
6.78771
6.8297
6.87071
6.91271
6.9547
6.99669
7.03868
7.08067
7.12267
7.16466
7.20665
7.24864
7.29064
7.33165
7.37364
7.41564
7.45763
7.49962
7.54161
7.5836
7.6256
7.66759
7.70958
7.7506
7.79259
7.83458
7.87657
7.91857
7.96056
8.00255
8.04454
8.08653
8.12853
8.16954
8.21153
8.25353
8.29552
8.33751
8.3795
8.42149
8.46349
8.50548
8.54747
8.58946
8.63048
8.67247
8.71446
8.75646
8.79845
8.84044
8.88243
8.92442
8.96642
9.00841
9.04942
9.09142
9.13341
9.1754
9.21739
9.25939
9.30138
9.34337
9.38536
9.42638
9.46837
9.51036
9.55235
9.59435
9.63634
9.67833
9.72032
9.76231
9.80431
9.8463
9.88829
9.92931