0.104
0.203
0.303
0.401
0.501
0.601
0.7
0.799
0.898
0.998
1.098
1.197
1.296
1.396
1.495
1.595
1.694
1.793
1.893
1.992
2.092
2.191
2.29
2.39
2.489
2.589
2.688
2.787
2.887
2.986
3.086
3.185
3.284
3.384
3.483
3.582
3.682
3.781
3.881
3.981
4.079
4.179
4.278
4.378
4.478
4.576
4.676
4.775
4.875
4.975
5.073
5.173
5.273
5.372
5.471
5.57
5.67
5.77
5.869
5.968
6.067
6.167
6.267
6.366
6.465
6.565
6.664
6.764
6.862
6.962
7.062
7.161
7.261
7.359
7.459
7.559
7.658
7.758
7.856
7.956
8.056
8.155
8.255
8.354
8.453
8.553
8.652
8.751
8.851
8.95
9.05
9.149
9.248
9.348
9.447
9.547
9.647
9.745
9.845
9.944
10.044
10.144
10.242
10.342
10.442
10.541
10.64
10.739
10.839
10.939
11.038
11.137
11.236
11.336
11.436
11.534
11.634
11.733
11.833
11.933
12.031
12.131
12.231
12.33
12.43
12.528
12.628
12.728
12.827
12.927
13.025
13.125
13.225
13.324
13.423
13.523
13.622
13.722
13.821
13.92
14.02
14.119
14.219
14.318
14.417
14.517
14.616
14.716
14.816
14.914
15.014